0.0
-0.00052839
-0.0010560600000000002
-0.0010549000000000001
-0.00105362
-0.00105223
-0.00105072
-0.0010491
-0.00104736
-0.00104552
-0.00104356
-0.00104148
-0.0010393
-0.00103701
-0.00103461
-0.0010321
-0.00102948
-0.00102675
-0.00102392
-0.00102099
-0.0010179499999999999
-0.0010148
-0.00101155
-0.0010082000000000001
-0.00100475
-0.0010012
-0.00099755
-0.0009938
-0.00098996
-0.00098602
-0.00098198
-0.00097785
-0.0009736300000000001
-0.0009693200000000001
-0.0009649099999999999
-0.00096042
-0.0009558300000000001
-0.00095116
-0.0009464
-0.0009415500000000001
-0.00093662
-0.0009316099999999999
-0.00092652
-0.00092134
-0.0009160899999999999
-0.00091076
-0.00090536
-0.00089987
-0.0008943099999999999
-0.0008886800000000001
-0.00088298
-0.0008772099999999999
-0.0008713600000000001
-0.00086544
-0.0008594599999999999
-0.00085342
-0.00084732
-0.0008411499999999999
-0.00083491
-0.00082861
-0.0008222400000000001
-0.0008158200000000001
-0.00080937
-0.00080289
-0.0007963299999999999
-0.00078969
-0.00078295
-0.00077616
-0.00076933
-0.0007625
-0.00075567
-0.0007488
-0.0007418500000000001
-0.00073479
-0.0007276499999999999
-0.00072047
-0.00071327
-0.00070607
-0.00069883
-0.0006915399999999999
-0.00068419
-0.00067684
-0.0006694600000000001
-0.00066202
-0.00065449
-0.00064693
-0.00063943
-0.0006320000000000001
-0.0006246
-0.00061717
-0.0006096900000000001
-0.00060214
-0.00059444
-0.00058656
-0.00057865
-0.00057083
-0.00056307
-0.0005553099999999999
-0.00054756
-0.00053978
-0.00053185
-0.00052379
-0.00051579
-0.000508
-0.0005002100000000001
-0.00049222
-0.00048424000000000004
-0.00047656
-0.00046908
-0.00046144
-0.0004535
-0.00044541
-0.00043721000000000005
-0.0004288
-0.00042018000000000003
-0.00041155
-0.00040321000000000004
-0.00039530999999999995
-0.00038781000000000004
-0.0003804
-0.0003727
-0.00036471
-0.0003566
-0.00034824000000000004
-0.0003394
-0.00033003
-0.00032036
-0.00031115
-0.00030324000000000003
-0.00029638
-0.00028933
-0.00028108
-0.0002716
-0.00026179
-0.00025277000000000003
-0.00024526
-0.00023931999999999998
-0.00023392
-0.00022768000000000002
-0.00022026
-0.00021212000000000002
-0.00020352
-0.00019464
-0.0001859
-0.00017727
-0.00016832
-0.00015907
-0.00014969
-0.00013969
-0.00012891
-0.00011860000000000001
-0.00011027
-0.00010423999999999999
-9.935e-05
-9.338e-05
-8.497e-05
-7.507e-05
-6.551e-05
-5.712e-05
-4.947e-05
-4.1859999999999996e-05
-3.37e-05
-2.446e-05
-1.482e-05
-6.79e-06
-9.500000000000001e-07
3.25e-06
5.76e-06
8.040000000000001e-06
1.355e-05
2.4659999999999998e-05
4.1349999999999995e-05
6.142e-05
8.218e-05
0.00010161999999999999
0.00011694
0.00012545
0.00012674
0.00012239
0.00011627000000000001
0.00011436999999999999
0.00012042
0.00013218
0.00014437
0.00015462
0.00016475
0.00017697999999999998
0.00019116
0.00020494
0.00021634
0.0002279
0.00024275000000000002
0.00025626
0.00025977
0.00025175
0.00024054
0.00023646
0.00024342
0.00025822999999999997
0.00027654000000000003
0.00029754
0.00032092000000000004
0.00034188
0.00035381999999999997
0.00035504
0.00035090999999999996
0.00034997
0.00035656
0.00036835
0.00038098
0.00039252000000000004
0.00040561
0.00042123000000000003
0.00043179000000000004
0.00043175
0.00042747
0.00043075000000000003
0.00044829
0.00047415
0.00049567
0.00050895
0.0005203
0.00053584
0.00055067
0.0005520200000000001
0.00054109
0.00053648
0.00055156
0.00057975
0.0006005499999999999
0.00059999
0.00058718
0.00058403
0.00059944
0.00062477
0.00064236
0.00063369
0.00060322
0.0005813600000000001
0.00059265
0.0006389300000000001
0.00070421
0.00076441
0.00079752
0.0007968500000000001
0.00077946
0.0007552
0.0007037699999999999
0.00063428
0.00061135
0.00065487
0.00069557
0.00069268
0.00069675
0.0007532700000000001
0.0008419500000000001
0.0009149500000000001
0.0009464699999999999
0.00094525
0.0009147
0.00086435
0.00084937
0.00089755
0.00094869
0.00092225
0.00080541
0.00068132
0.00066327
0.00077565
0.00093782
0.00105781
0.00110528
0.0011068
0.00107587
0.00099785
0.0009034000000000001
0.00086804
0.00092153
0.0010087100000000001
0.00106124
0.00107409
0.00106743
0.00103706
0.00098035
0.0009302900000000001
0.0009494
0.00106686
0.0012307800000000001
0.0013358999999999999
0.0013034000000000001
0.00116283
0.00102742
0.0009890699999999999
0.0010535100000000001
0.00114215
0.00117875
0.0011712
0.0011576400000000001
0.0011304
0.00107475
0.00044429999999999996
-0.00013736
-8.939000000000001e-05
-3.532e-05
-1.3870000000000001e-05
-2.625e-05
-5.2119999999999996e-05
-5.2560000000000005e-05
1.482e-05
0.00012874999999999999
0.00019824000000000003
0.00015196
8.64e-06
-0.00014622
-0.00023667000000000002
-0.00022925999999999998
-0.00013371
-1.639e-05
2.076e-05
-6.917e-05
-0.00019798
-0.00021919000000000002
-0.00010177999999999999
4.087000000000001e-05
7.442e-05
-3.2160000000000004e-05
-0.00017413000000000002
-0.00022429
-0.00014119
4.221e-05
0.00022848
0.00029629
0.00020277
1.554e-05
-0.0001405
-0.00017855
-9.726e-05
4.9e-05
0.00014633000000000002
8.742e-05
-9.245e-05
-0.00026863
-0.00035533
-0.00031711000000000006
-0.00016697
2.8279999999999997e-05
0.00016930000000000002
0.00018204999999999998
0.00010526
4.952e-05
5.617e-05
8.474e-05
7.177e-05
-2.444e-05
-0.00016814
-0.00026888
-0.0002582
-0.00014485
-1.377e-05
5.721e-05
3.8860000000000004e-05
-7.098e-05
-0.00021457
-0.00027059
-0.00017020000000000002
3.2000000000000005e-05
0.00021311
0.00025129
0.00010069
-0.00014287
-0.00029901
-0.00026337
-0.00010423999999999999
2.616e-05
6.026e-05
3.853e-05
2.673e-05
6.449e-05
0.00011412
0.00010238
3.366e-05
-3.632e-05
-7.234e-05
-8.362e-05
-0.0001188
-0.00017515
-0.00016979
-5.1110000000000004e-05
0.00012789
0.00021250000000000002
7.285e-05
-0.00018271
-0.00029615
-0.00017083999999999998
5.907e-05
0.00018337
0.00013748
4.138e-05
-3.368e-05
-0.00012377000000000002
-0.00022421
-0.00025121000000000003
-0.00013019
5.3429999999999995e-05
9.091000000000001e-05
-7.114e-05
-0.00025867
-0.00027651
-8.653e-05
0.00013676
0.00019986
0.0001442
0.00010152
6.687e-05
-5.97e-06
-0.0001001
-0.0001681
-0.00017243000000000003
-0.0001281
-8.487e-05
-7.889e-05
-0.00010089
-4.5640000000000003e-05
0.00015164
0.00032765
0.00029567
0.0001132
-2.588e-05
-4.676e-05
-8.141000000000001e-05
-0.00024664
-0.00045036
-0.00055433
-0.00048522999999999996
-0.00026775000000000003
-9.642e-05
-5.698e-05
2.261e-05
0.00021409
0.0003622
0.00034403000000000005
0.00023176
0.00015955
0.00013054
4.9760000000000005e-05
-0.00019248000000000003
-0.0005872900000000001
-0.00083688
-0.00061091
5.680000000000001e-06
0.0005611300000000001
0.0007163100000000001
0.00052042
0.00023024
8.577e-05
0.00011542
8.039e-05
-9.684e-05
-0.00020354000000000002
-0.00020198000000000001
-0.00029653
-0.00055175
-0.00073059
-0.00055849
-5.775e-05
0.00048976
0.0007466100000000001
0.00051189
-3.1e-06
-0.00031236
-0.00023820999999999998
-6.02e-06
0.00013782
0.00010111
-6.985e-05
-0.00024119
-0.00028812
-0.00020448000000000002
-9.372e-05
2.4100000000000002e-06
0.00013565000000000002
0.00026173
0.00024039000000000002
2.924e-05
-0.00031554
-0.00067916
-0.00085395
-0.00068973
-0.00025624999999999997
0.00024535999999999997
0.00068118
0.00106571
0.00139117
0.0014487500000000002
0.00110087
0.00060391
0.00033202000000000004
0.00032862
0.00026657
-0.00018329000000000002
-0.00093723
-0.0015277399999999999
-0.0015387500000000002
-0.00098283
-0.00030798
8.360000000000001e-06
-0.00011106
-0.00040317
-0.0006366900000000001
-0.0008075599999999999
-0.00104424
-0.00135068
-0.00153381
-0.00141305
-0.0009740500000000001
-0.00029086
0.0005789500000000001
0.0014657300000000002
0.00200598
0.00193327
0.0013829
0.00075173
0.00027518999999999997
-0.00010853
-0.00050192
-0.00078842
-0.00067416
-1.3359999999999999e-05
0.00096361
0.00178364
0.0020516
0.00166442
0.0008161599999999999
-0.00014405
-0.0009003500000000001
-0.0012517700000000001
-0.00105443
-0.00026781
0.0008252900000000001
0.00163743
0.0016763000000000001
0.0008663200000000001
-0.00047715
-0.0018678100000000001
-0.00285166
-0.00311673
-0.00257138
-0.0013883
4.7990000000000006e-05
0.0012510099999999999
0.00183305
0.0018051900000000001
0.0016201499999999999
0.0017329000000000001
0.00210256
0.0022536
0.00184725
0.00101022
0.00011268
-0.00059063
-0.00113573
-0.00174652
-0.00252251
-0.0032279799999999997
-0.0034148
-0.00279481
-0.00151355
-5.3880000000000006e-05
0.0010482800000000002
0.00144999
0.0011637
0.00050189
-0.00011766000000000001
-0.00036974
-0.00023088
3.295e-05
0.00017565999999999998
0.00019981
0.00023897000000000002
0.00028086
0.00016172
-0.00012487
-0.00031144
-0.00012175
0.00046344
0.00118668
0.0017268600000000002
0.0019447600000000002
0.00185113
0.00144657
0.00077445
-9.96e-06
-0.00076541
-0.00144338
-0.0019850799999999997
-0.00221214
-0.00190132
-0.00104024
1.9650000000000003e-05
0.0007655299999999999
0.00091247
0.0005813
0.0001115
-0.00025088
-0.00045028
-0.00050402
-0.00039721
-6.165000000000001e-05
0.00050853
0.00110735
0.00149113
0.0016706099999999999
0.0017987
0.0018662000000000002
0.00168168
0.00113259
0.00034704
-0.00044515
-0.00105837
-0.0013889299999999998
-0.0014601400000000002
-0.00135817
-0.00113506
-0.00085739
-0.00064002
-0.00053206
-0.00043790999999999996
-0.00024964000000000003
-6.07e-06
0.00014931
9.676e-05
-0.00017616
-0.00054097
-0.00079022
-0.00075975
-0.00041692
0.00012338
0.0006398900000000001
0.00090871
0.0008809400000000001
0.00071851
0.00060327
0.00059543
0.00063426
0.0006243900000000001
0.00054534
0.00043173999999999996
0.00029465000000000003
0.00011547
-0.00014311
-0.00048426999999999997
-0.00082589
-0.00105747
-0.00106864
-0.00075388
-0.00012632000000000002
0.00060207
0.0011138
0.0012098
0.00093982
0.00049879
8.309e-05
-0.00019374
-0.00033403
-0.00039787000000000004
-0.00043392
-0.00043568000000000003
-0.00034672
-0.00015842
6.915e-05
0.00029857
0.00047625
0.00044684
0.00010887
-0.00037062
-0.00067429
-0.00066776
-0.0004954299999999999
-0.00036855
-0.00034474
-0.00029813
-3.731e-05
0.00052801
0.00125472
0.0018311900000000001
0.00200061
0.0017088000000000001
0.00110173
0.00039655
-0.00024249
-0.00072006
-0.00100044
-0.00108275
-0.0009797
-0.0007433800000000001
-0.00041756000000000003
2.325e-05
0.00056157
0.0010263100000000001
0.00119549
0.00098757
0.00054038
7.884999999999999e-05
-0.00028552
-0.0005652200000000001
-0.0007825600000000001
-0.00089684
-0.00083474
-0.00063696
-0.00046753
-0.00040710999999999997
-0.00035755000000000004
-0.00017267999999999998
0.00015990999999999998
0.00048881
0.00067121
0.0007028199999999999
0.00063397
0.0005047200000000001
0.00038799
0.00035799
0.00042578
0.00049781
0.00041937
0.00013581
-0.00027081
-0.00065185
-0.00083059
-0.00072062
-0.00039457
2.241e-05
0.00040541000000000004
0.00062435
0.00061837
0.00043327
0.00018532
-1.96e-06
-7.063e-05
-2.933e-05
7.637e-05
0.00017159
0.00022472
0.00029844
0.00042653000000000005
0.0005254600000000001
0.00051102
0.00040047
0.00025211
7.369e-05
-0.00014890000000000001
-0.00037421000000000004
-0.00053934
-0.00063734
-0.00067844
-0.00062958
-0.0004609
-0.00018328000000000002
0.00016018
0.0005033
0.0007770100000000001
0.00090213
0.0008205800000000001
0.00055325
0.00016903000000000003
-0.00022514
-0.00046835000000000003
-0.00045474
-0.00023542000000000002
2.969e-05
0.00020089
0.00026449
0.00028864
0.00029325
0.00022752999999999998
6.486e-05
-0.00011825
-0.00020749
-0.0001579
-1.7630000000000002e-05
9.561e-05
8.075000000000001e-05
-5.868e-05
-0.00020503
-0.00021475000000000002
-5.89e-05
0.0001821
0.00042588
0.00061153
0.00069278
0.0006398700000000001
0.00045311
0.00020255
8e-08
-7.32e-05
9.23e-06
0.00020194
0.00040439
0.0005277400000000001
0.00051117
0.00034107
9.912000000000001e-05
-8.352e-05
-0.00012142
-1.37e-05
0.00017153
0.0003621
0.00051065
0.00056776
0.00051731
0.00039116
0.0002288
9.883e-05
7.683e-05
0.00015065
0.00022088
0.00019992
7.798000000000001e-05
-9.552e-05
-0.00025956
-0.00036279
-0.00038108000000000006
-0.0003492
-0.00031820000000000004
-0.0002744
-0.00016514999999999998
2.9180000000000002e-05
0.00026994000000000003
0.00048381
0.00061103
0.00061377
0.00046389
0.0001967
-4.308e-05
-0.00010682000000000001
3.6150000000000005e-05
0.00030852
0.00055923
0.0006296400000000001
0.00048438
0.00024631
8.672e-05
8.952e-05
0.00020582
0.00034538
0.00046294
0.0005237800000000001
0.00048937
0.00036124000000000003
0.00018721999999999999
4.1070000000000005e-05
-4.1190000000000004e-05
-9.415e-05
-0.00013519
-0.00010551
7.15e-05
0.00037693
0.00064328
0.00069465
0.00052897
0.00029385
0.00014120000000000002
0.00011713
0.00013661
8.994000000000001e-05
-4.208e-05
-0.00020917000000000003
-0.00036195
-0.00046927000000000004
-0.00049934
-0.00042704
-0.00028248
-0.00014612
-4.939e-05
5.967e-05
0.00022004
0.00040542000000000003
0.00055118
0.00057209
0.00042355999999999996
0.00017008
-6.408e-05
-0.00019696
-0.00023247
-0.00021526
-0.00015432
-3.997e-05
0.00011653999999999999
0.00030317
0.00048955
0.00062127
0.00065751
0.0005673000000000001
0.00036466
0.00015465
5.586e-05
0.0001072
0.00025997
0.00043945
0.00063809
0.0008933099999999999
0.00117061
0.0013630600000000001
0.00140172
0.00130302
0.0011053
0.00081203
0.00042416000000000003
-1.024e-05
-0.00040907
-0.00069939
-0.00084802
-0.00086312
-0.00074876
-0.00047771
-3.9880000000000004e-05
0.00048626
0.0009380800000000001
0.00117517
0.00117241
0.00101007
0.0007718
0.0004629
8.559000000000001e-05
-0.00025178
-0.00040135999999999997
-0.00033457
-0.00016788
-2.3670000000000002e-05
0.00010905
0.00033599
0.00066049
0.00091587
0.0009573600000000001
0.0008315400000000001
0.0006940399999999999
0.00061905
0.00056063
0.00046352
0.00033156
0.00020882000000000002
0.0001397
0.00014126
0.00019267
0.00025068
0.00027949
0.00024482000000000003
0.00012696000000000002
-2.362e-05
-0.00011917000000000001
-0.00011646
-3.618e-05
4.123e-05
2.65e-05
-8.758e-05
-0.00021669000000000001
-0.00025774
-0.00017098
-1.425e-05
0.00012103
0.00019326
0.00021598
0.00023895
0.00032377999999999997
0.00048833
0.0006764399999999999
0.00078097
0.0007319000000000001
0.00056161
0.00034101
0.00013792
3.225e-05
5.793e-05
0.00015504
0.00021399000000000003
0.00017123
7.251e-05
2.379e-05
0.00010266000000000001
0.00032088
0.00062261
0.00091206
0.00110307
0.0011473899999999999
0.00102633
0.0007700500000000001
0.0005131700000000001
0.00042509
0.00054269
0.00076064
0.0009643500000000001
0.00110999
0.001211
0.00130306
0.0014066200000000001
0.00146648
0.00137553
0.0010822800000000001
0.00061363
4.994e-05
-0.0004831
-0.0008667600000000001
-0.00103617
-0.0009851600000000001
-0.00075964
-0.00043380000000000003
-9.033e-05
0.00020333000000000002
0.00040951000000000003
0.0004923099999999999
0.00043288
0.00027247
8.01e-05
-8.725e-05
-0.00017624999999999997
-0.00015266
-2.769e-05
0.00017051
0.00042319000000000005
0.00070171
0.0009463000000000001
0.00107289
0.00102686
0.0008316
0.00056202
0.00028246
1.836e-05
-0.00021284
-0.00035192000000000003
-0.00031877
-8.529e-05
0.00030379
0.00075591
0.001163
0.0014332600000000002
0.00150869
0.00139543
0.0011646199999999999
0.00089109
0.00062234
0.00037631
0.0001454
-4.345e-05
-9.93e-05
4.404e-05
0.00034203
0.00067035
0.0009164
0.00103005
0.00100809
0.00086428
0.00062422
0.0003266
3.728e-05
-0.0001646
-0.00025556
-0.00026094
-0.00018457
-1.0549999999999999e-05
0.00025113
0.0005364100000000001
0.00075918
0.0008778900000000001
0.00090047
0.0008566
0.00078487
0.00070725
0.00062396
0.0005382200000000001
0.00045374
0.00036352000000000004
0.00026237
0.00017571
0.00016849
0.00027707
0.00045486
0.00061788
0.0006982199999999999
0.00067087
0.00057099
0.00046937
0.00042033
0.00041726
0.00039571
0.00030103000000000004
0.00015346
4.826e-05
8.485e-05
0.00027493
0.00053097
0.00073949
0.0008267600000000001
0.00079136
0.00069773
0.00061061
0.00054308
0.00047748
0.00040578000000000006
0.00034659000000000003
0.00033106
0.00038572000000000004
0.00054655
0.0008282200000000001
0.00115013
0.00137129
0.00140872
0.00127921
0.00105752
0.00082859
0.0006493400000000001
0.00052257
0.00042106
0.00033686
0.00028197
0.00025469
0.00023232
0.00020434999999999998
0.00018694
0.00019213000000000002
0.00022225
0.00029119
0.00042048000000000004
0.00061259
0.0008197300000000001
0.00095814
0.00097152
0.00085948
0.0006639
0.00045802
0.00031515000000000004
0.0002616
0.0002719
0.00032068
0.00042461
0.0005993400000000001
0.00080257
0.0009673500000000001
0.0010535
0.00103892
0.00091962
0.0007492400000000001
0.00062777
0.0006257400000000001
0.00072923
0.00084852
0.0008873399999999999
0.00082374
0.00072277
0.0006572500000000001
0.00062762
0.00057583
0.00046518
0.0003347
0.00026144
0.00027232
0.00031989999999999997
0.00033634999999999996
0.00030289
0.00027248
0.00030934
0.00041544
0.00053834
0.00062454
0.0006425000000000001
0.0005882
0.00050264
0.00045183
0.00045974000000000004
0.0004977800000000001
0.00054155
0.0005937
0.00064943
0.00068039
0.00068278
0.00069086
0.0007195
0.00074478
0.00073158
0.0006723800000000001
0.00060879
0.00059413
0.00065451
0.00078177
0.00092922
0.00102934
0.00103504
0.0009438399999999999
0.00078924
0.00062654
0.00051452
0.00048331
0.0005239800000000001
0.00059796
0.00066469
0.00072309
0.00079771
0.00089316
0.00097885
0.00099349
0.00089121
0.0006943199999999999
0.00047641999999999997
0.00032397000000000003
0.00031047000000000003
0.00045292
0.0006847200000000001
0.00088848
0.0009716900000000001
0.0009242400000000001
0.00080281
0.00066593
0.00053384
0.00040868
0.00030963999999999997
0.00026483
0.00028937
0.00038389
0.00052806
0.00068227
0.0008094500000000001
0.0008832600000000001
0.00088669
0.0008283600000000001
0.00075851
0.00074458
0.0008060100000000001
0.0008841599999999999
0.00090097
0.00082774
0.0006969799999999999
0.00057841
0.00052932
0.00055709
0.00062794
0.0007067600000000001
0.00078939
0.0008743900000000001
0.00093169
0.00093443
0.00088824
0.0008215000000000001
0.0007485300000000001
0.00063027
0.00038462999999999995
-7.151e-05
-0.00079192
-0.0017784
-0.00294759
-0.00406818
-0.00473274
-0.00448776
-0.00310073
-0.00076747
0.00193036
0.00428994
0.00571648
0.00573431
0.0039677
0.00033167
-0.00477685
-0.010579860000000002
-0.01617504
-0.02060994
-0.02279188
-0.021721439999999998
-0.017113
-0.00973157
-0.00109882
0.0070805700000000004
0.013322430000000001
0.016488100000000002
0.01589172
0.01149497
0.00393795
-0.0055347999999999994
-0.01511034
-0.022774000000000003
-0.027059730000000004
-0.027666430000000002
-0.02548881
-0.02188256
-0.01771686
-0.01302057
-0.00732438
-0.00036651999999999995
0.007467479999999999
0.01531512
0.02211944
0.02670354
0.02784678
0.024696720000000002
0.01759097
0.00826031
-0.00148232
-0.01113971
-0.021139679999999998
-0.03115129
-0.03905532
-0.0418235
-0.03743477
-0.02587479
-0.00891625
0.01040459
0.02845411
0.04221366
0.050563760000000006
0.054202969999999996
0.053772339999999995
0.04806212000000001
0.03474719
0.01319201
-0.013634960000000002
-0.03976635
-0.05868867
-0.06558081
-0.05823425
-0.03791473
-0.00981937
0.01889631
0.04268006
0.059888769999999994
0.0716759
0.07846085000000001
0.07809156
0.06737357000000001
0.04526937
0.015481529999999999
-0.01411614
-0.035511810000000005
-0.04444989
-0.041019980000000004
-0.028051339999999998
-0.00934005
0.01171784
0.03218084
0.04893973
0.05913806
0.061009560000000004
0.05423158
0.04016373
0.02191327
0.0034278399999999997
-0.012438089999999999
-0.02473538
-0.03257729
-0.03343495
-0.02520399
-0.01024267
0.00413581
0.010364549999999998
0.00605345
-0.00535428
-0.01866025
-0.03008175
-0.0366187
-0.03507846
-0.024177070000000002
-0.00768309
0.006806670000000001
0.013908670000000001
0.014480370000000001
0.01368304
0.016500420000000002
0.02488773
0.036903120000000005
0.0464025
0.04440822
0.02431896
-0.01121638
-0.049049050000000004
-0.07410177
-0.0807001
-0.07493978
-0.06584822
-0.056206980000000004
-0.04270815
-0.022074790000000004
0.00424855
0.02992598
0.047588929999999995
0.053106099999999996
0.04712623
0.03335767
0.01540071
-0.0039086500000000005
-0.02055828
-0.030066139999999998
-0.03131599
-0.027768380000000002
-0.02364194
-0.019198120000000003
-0.011086780000000001
0.00230274
0.01773858
0.03052681
0.03955894
0.04741947
0.055952260000000004
0.06322875
0.06571259
0.06252649
0.05577892
0.04669038
0.03304025
0.011509320000000002
-0.01736225
-0.04701229
-0.06806905
-0.07415396
-0.06533014
-0.04686727
-0.02508079
-0.00366663
0.01677133
0.0360418
0.0515358
0.05857316
0.05421094
0.04004485
0.02075278
0.0008635
-0.017621579999999998
-0.035464380000000004
-0.05320974
-0.06788856
-0.07374455
-0.06605769
-0.04369709
-0.00895211
0.03358247
0.07682039
0.11014089
0.12217117000000001
0.10763971
0.07137191
0.02577623
-0.01585427
-0.04515358
-0.059990829999999995
-0.06299333
-0.058810180000000004
-0.049734350000000004
-0.03384905
-0.00891603
0.02228103
0.05081183
0.06686214
0.06669301
0.05442537
0.03877973
0.02672512
0.01795084
0.00771224
-0.005157770000000001
-0.01582343
-0.017750170000000003
-0.0089061
0.00517412
0.01553463
0.016552110000000002
0.00781822
-0.00828066
-0.02792035
-0.04431305
-0.04867585
-0.03669343
-0.013602860000000001
0.0102675
0.030213049999999998
0.050241049999999995
0.07510332
0.10219579
0.12063716
0.11777476
0.08786767
0.03533647
-0.02794648
-0.08697293
-0.12761439
-0.13993545
-0.12028709
-0.07281973
-0.01000442
0.05061138
0.09278437
0.10693622
0.09208548999999999
0.053531810000000006
-0.00109418
-0.06358481
-0.12474143
-0.17364887
-0.20020981
-0.19995277000000003
-0.17463535
-0.12928101
-0.07039664
-0.00647396
0.052268749999999996
0.09879686
0.1326619
0.15419243
0.15849311
0.14069138
0.10532559
0.06506718
0.02891586
-0.00456667
-0.04183026
-0.08589456000000001
-0.13147679
-0.16585032000000002
-0.17651566
-0.15723747
-0.10847946
-0.03896898
0.03431516
0.09314876
0.12633915
0.13314208
0.11965310000000001
0.0927096
0.05836757000000001
0.02233742
-0.01003514
-0.034600689999999996
-0.050423289999999996
-0.05785291
-0.055699649999999996
-0.043132500000000004
-0.02208324
0.00235811
0.02374101
0.03763707
0.04359629
0.044679390000000006
0.044967379999999994
0.04564762
0.04274963
0.029846370000000004
0.0034786699999999997
-0.03261166
-0.06758307000000001
-0.08883342000000001
-0.08835425000000001
-0.06720749
-0.03435982
0.0009253200000000001
0.034572120000000005
0.06592662
0.09206433000000001
0.1049663
0.09538263000000001
0.05954479
0.0017904400000000001
-0.06815257
-0.13689931
-0.18681204
-0.20056013
-0.17131962
-0.10942056
-0.03833418
0.01867901
0.049177109999999996
0.05250557
0.03644949
0.010215680000000001
-0.024531070000000002
-0.07507076
-0.14580437
-0.22324888
-0.27822861
-0.28575846
-0.2420842
-0.16500601
-0.08031691
-0.0068245400000000005
0.049480199999999995
0.09043276
0.11765119
0.12723349
0.10868069000000001
0.052761579999999995
-0.03723032
-0.14313208
-0.23839561
-0.29898813
-0.31169481000000004
-0.27332346
-0.18871576
-0.07298219
0.05139961
0.16699076000000002
0.26907118
0.3562627
0.41764125999999996
0.43583488000000004
0.40306168
0.32959293
0.23617868000000003
0.14414853000000002
0.06974369000000001
0.01818428
-0.015033620000000001
-0.033831
-0.03782257
-0.02505216
0.006951779999999999
0.05819904
0.1252334
0.20070671
0.26863874
0.3085741
0.30774345000000003
0.26507023
0.18889233000000002
0.09487611
0.00488928
-0.0529847
-0.054710640000000005
-0.00171288
0.07460345
0.13603861
0.16605007000000002
0.17785946
0.19213657
0.20942616000000003
0.2109704
0.18014368
0.11756827
0.04074116
-0.02862067
-0.07861582
-0.10783398
-0.11501019
-0.09666087
-0.0563751
-0.01007607
0.021091090000000003
0.027032240000000003
0.01800548
0.010801670000000001
0.01202521
0.01945235
0.026676690000000003
0.02478963
0.007036639999999999
-0.029484430000000002
-0.08351402000000001
-0.14463878
-0.19349106
-0.20996901999999998
-0.18035124
-0.10483285
0.00060989
0.11361981
0.21199471
0.27678944
0.30005223999999997
0.28852636000000004
0.25763843999999997
0.22259809
0.19133385
0.16276457
0.1360004
0.12031278000000001
0.13005118
0.17303125000000003
0.24196224000000002
0.30907085
0.33923763
0.31588978
0.24485281
0.14000458999999998
0.01656304
-0.11188269
-0.23329187
-0.33289215
-0.40334122
-0.45355137
-0.48997925000000003
-0.50223381
-0.47628609
-0.41093544000000004
-0.32257537999999997
-0.23741066
-0.17425743000000002
-0.13282895
-0.10020938
-0.06833984
-0.03911531
-0.01341425
0.01520859
0.053912129999999996
0.10251505
0.1545299
0.20247046000000002
0.24172481999999998
0.27221933
0.29606104
0.31581388
0.33146931
0.33425217
0.30976782
0.25246904000000003
0.1762768
0.11063369
0.08715363
0.12076884
0.19203230000000002
0.25936892
0.2938891
0.29166418
0.2676259
0.24793451000000002
0.25431438
0.29155941
0.34594223
0.39058598000000005
0.3931776
0.32989395000000005
0.20968363
0.07531198
-0.03194251
-0.09892424
-0.13261989
-0.14280583
-0.13889654
-0.12935844
-0.1189748
-0.11281969
-0.11762185000000001
-0.13295835
-0.14407159
-0.12863159
-0.07399033
0.00896891
0.09319711
0.15309171
0.17094995000000002
0.14405191
0.08075083
-0.009463899999999999
-0.10237766000000001
-0.1666058
-0.19589535000000002
-0.20256241
-0.19102224
-0.15948495
-0.11291422000000001
-0.05489845
0.02145647
0.11218057000000001
0.1851495
0.20981571
0.19217272000000002
0.15967192000000002
0.13572967
0.13734768
0.16481945
0.19512335
0.19806705000000002
0.15805038
0.09017771
0.03749682
0.04567824
0.13220499
0.27571083
0.43081474000000003
0.5451071900000001
0.57383183
0.50095364
0.35078243000000003
0.17460073
0.01947656
-0.09424004999999999
-0.16262196
-0.1902412
-0.20480658
-0.23743734
-0.2874007
-0.33344669000000005
-0.36060802000000003
-0.36688709
-0.35508369
-0.32513283000000004
-0.27897665
-0.22612429
-0.18145649
-0.15645668000000001
-0.14847587
-0.14188345
-0.1260415
-0.11418120999999999
-0.14003983
-0.23597162000000002
-0.40778889
-0.61919796
-0.81069199
-0.92970741
-0.93531731
-0.80958916
-0.57529995
-0.29223328
-0.04589372
0.09749202000000001
0.13882286000000002
0.11732589000000002
0.07292419
0.03184581
-0.0349985
-0.19284124
-0.43876350000000003
-0.6789456199999999
-0.82924355
-0.8786206799999999
-0.8453255500000001
-0.7326483899999999
-0.53377613
-0.25859034000000003
0.02776653
0.23538885
0.33440422
0.35923927
0.35642391000000007
0.34428593
0.29645893
0.16413431
-0.07797578
-0.38486641
-0.648013
-0.7630257400000001
-0.69191444
-0.48278816
-0.22978354
-0.01837929
0.10321529
0.13947995000000002
0.11984832000000001
0.054310159999999996
-0.06975752
-0.27740854
-0.58966499
-0.98953514
-1.41081436
-1.7667120399999998
-1.9832673600000001
-2.02129898
-1.8827209500000002
-1.6017903100000002
-1.26056084
-0.9856056200000001
-0.86329758
-0.88781898
-0.9906874800000001
-1.0612262
-1.01697304
-0.9171969600000001
-0.91443291
-1.09602829
-1.43639893
-1.83607742
-2.1766970800000003
-2.3835420199999997
-2.4300845300000002
-2.31391632
-2.07404037
-1.7877929700000001
-1.52778946
-1.34523865
-1.26421829
-1.27249908
-1.3466717499999998
-1.48467834
-1.70446869
-2.00662338
-2.33389984
-2.58675323
-2.68659363
-2.62333801
-2.44080185
-2.17695877
-1.8380557300000002
-1.42313538
-0.9557460000000001
-0.5006929800000001
-0.14983146
0.01600186
-0.03221535
-0.24434753
-0.50930801
-0.72735275
-0.8734446
-0.9775803399999999
-1.05665672
-1.08523819
-1.01269402
-0.7992942
-0.44433490999999997
0.023602949999999998
0.5693347200000001
1.1536692
1.7369104
2.2891215500000004
2.7892901599999997
3.22537872
3.59398193
3.8900030500000002
4.10313812
4.22350098
4.256713260000001
4.22839996
4.1585528599999995
4.06386963
3.9872582999999997
3.9829135100000004
4.07913971
4.25473907
4.44374817
4.59339569
4.70728149
4.81256653
4.92115143
5.0410293600000005
5.185224610000001
5.34325562
5.460318600000001
5.45518677
5.2724176
4.91677368
4.4356716899999995
3.89283905
3.3274661300000004
2.72089966
2.037108
1.29682404
0.59447437
0.0197339
-0.41736977000000003
-0.7691169
-1.09382164
-1.4149298099999998
-1.7273658800000002
-2.02531677
-2.29088806
-2.48643356
-2.6079476899999996
-2.73265198
-2.9613269000000004
-3.3062381
-3.66673309
-3.93633392
-4.14424042
-4.4594134500000004
-4.99809265
-5.64719299
-6.158364870000001
-6.3831188999999995
-6.29913757
-5.8851080300000005
-5.15069336
-4.19283203
-3.06812683
-1.7374693300000001
-0.22176200999999998
1.23723511
2.23294998
2.58614685
2.6367453000000003
2.89488892
3.46564575
4.05967682
4.47532135
4.70881866
4.72855408
4.52542511
4.2020437600000005
3.8672729500000003
3.58858948
3.3930343599999997
3.2565609699999998
3.1392535400000003
3.0289343300000002
2.9162789900000003
2.77442932
2.61325745
2.48867798
2.44991867
2.49441788
2.5698141500000005
2.64275177
2.71289551
2.76820862
2.80151611
2.82691895
2.8506640599999997
2.86071777
2.83840851
2.7669278000000004
2.6347155800000004
2.4392811599999997
2.19362579
1.9261064099999998
1.66117538
1.40036377
1.13248383
0.85052979
0.55080235
0.2241254
-0.14293534
-0.56392151
-1.06662376
-1.66145905
-2.25552353
-2.70095062
-2.97319122
-3.19249939
-3.46236694
-3.7542041
-3.93767426
-3.92186035
-3.7615750100000005
-3.6070517
-3.57461151
-3.68026672
-3.88643127
-4.15949432
-4.47300201
-4.79879303
-5.0474652099999995
-5.066805110000001
-4.80844086
-4.3896225
-3.94342224
-3.52670929
-3.1499569700000003
-2.78086609
-2.3613533
-1.9099115
-1.5560907000000002
-1.43961411
-1.5923851
-1.91098831
-2.2506080600000002
-2.51438049
-2.66388702
-2.6992260700000004
-2.63048798
-2.48436554
-2.31032578
-2.14017746
-1.96309265
-1.73332932
-1.4058078
-0.98019348
-0.49961403
-0.01212777
0.45735756000000005
0.89634254
1.2839064
1.6025370799999998
1.85251358
2.04201584
2.17777008
2.26430023
2.30785507
2.3197374
2.30463699
2.24630936
2.12152344
1.9338249200000002
1.70232315
1.39942871
0.9585401899999999
0.37258694
-0.2719603
-0.85837013
-1.29013367
-1.5106802400000001
-1.51986908
-1.36256607
-1.10370346
-0.82038231
-0.56648224
-0.33644897
-0.10466579
0.13055065000000002
0.35255226
0.53528957
0.65263367
0.6946817000000001
0.67496567
0.6224942
0.56097507
0.49419463999999996
0.42353935
0.36906162000000003
0.35434986
0.38601364
0.45194229
0.5374276
0.6404943799999999
0.7646333300000001
0.91754356
1.10565681
1.31337448
1.50909424
1.66582336
1.76736359
1.8074733
1.7858970600000001
1.70267593
1.56645294
1.4053161600000001
1.25714211
1.15503418
1.11452995
1.12756882
1.16069237
1.15417152
1.05009377
0.83208359
0.54151146
0.25933685
0.06307316
-0.0074846999999999995
0.037290000000000004
0.15611299
0.30718157
0.44787884
0.51780499
0.45045387
0.23481236
-0.05632483
-0.33672310000000005
-0.56824467
-0.7467775000000001
-0.87532951
-0.95931732
-1.01334785
-1.06098724
-1.12081505
-1.19133453
-1.25369858
-1.2986615000000001
-1.3369996599999998
-1.36340576
-1.3477723700000002
-1.28703262
-1.21316399
-1.15266747
-1.1163446000000001
-1.1034951800000001
-1.10480011
-1.1002488700000002
-1.05845261
-0.9479641700000001
-0.741828
-0.44295734000000003
-0.1065446
0.19702101
0.43268481999999997
0.6114856000000001
0.7595723
0.89143883
1.01631126
1.14570961
1.2874469
1.4356733700000002
1.5783113100000001
1.7139747600000002
1.8436279300000002
1.95823257
2.04509689
2.09152145
2.0757195999999998
1.9692761200000002
1.7665765400000002
1.5014924600000001
1.22218063
0.96310104
0.7448578600000001
0.57353531
0.43544998
0.31255171000000004
0.19831139
0.10177394
0.04513465
0.049385570000000004
0.1196021
0.23772963000000003
0.37171452000000005
0.49773972
0.6082856799999999
0.70117271
0.7638253
0.7719873800000001
0.70768494
0.57581821
0.40097507
0.20796211
0.01115891
-0.18261929
-0.36912601
-0.54020866
-0.68634804
-0.8028968000000001
-0.88953125
-0.94894043
-0.9802825900000001
-0.97733284
-0.93333878
-0.84103081
-0.70175522
-0.53940975
-0.40336292
-0.34884132
-0.39905182000000006
-0.5352673
-0.7165988900000001
-0.9012706
-1.07181725
-1.2367292
-1.4014988700000002
-1.5528993199999999
-1.6649108899999998
-1.71556976
-1.7059120200000002
-1.6559816
-1.58248154
-1.49057297
-1.3872706600000002
-1.2931440699999999
-1.22994728
-1.2013892400000001
-1.19168472
-1.17394646
-1.12170776
-1.02373695
-0.88947136
-0.73412376
-0.56334354
-0.3774815
-0.18083466
0.014846220000000002
0.19536127
0.35302837
0.48606823
0.59064255
0.65826035
0.68341652
0.67518684
0.66656876
0.6813163799999999
0.68855499
0.6497322099999999
0.56883636
0.45788288000000005
0.32130272
0.16610167
0.00223411
-0.13818226
-0.21489941
-0.23040018
-0.22117319
-0.21203527000000003
-0.20588818
-0.19347551
-0.16883619
-0.13638718000000002
-0.10185636
-0.07126008
-0.051420350000000004
-0.04430863000000001
-0.05285713
-0.08679146
-0.13559609
-0.14272803
-0.0395196
0.1952384
0.50582607
0.7798421500000001
0.91808289
0.89707603
0.76413925
0.5876701400000001
0.4205542
0.2923163
0.21462246000000001
0.18434851
0.18382751
0.1936681
0.21068624
0.24896957
0.31797779
0.40125301
0.47094746000000004
0.5057726300000001
0.48181225
0.37969337000000003
0.20546997
-0.01610947
-0.26759752
-0.5508264900000001
-0.8768055699999999
-1.24650436
-1.62556229
-1.94187927
-2.1223071300000003
-2.12700317
-1.9662236
-1.70046875
-1.41120102
-1.15967865
-0.9662085
-0.8187513
-0.6981931299999999
-0.60433544
-0.5590284
-0.5823427600000001
-0.6723455800000001
-0.7984002700000001
-0.9073857900000001
-0.94943466
-0.90357681
-0.7799706999999999
-0.60544712
-0.40786663
-0.20310205
0.005019709999999999
0.21409424000000002
0.42079559000000005
0.61810711
0.78763931
0.9058564800000001
0.96570709
0.9882738500000001
1.00583572
1.0393351
1.09409134
1.16954529
1.2708082600000001
1.40477158
1.56608002
1.73818481
1.90296021
2.03976181
2.1275590500000003
2.1519189499999998
2.10347885
1.98302643
1.8074397300000002
1.60321182
1.40024475
1.22581223
1.10218475
1.04528427
1.0576744100000002
1.13045181
1.24905296
1.39382904
1.5427749600000003
1.6749262999999999
1.7703973400000002
1.8113446
1.7907391400000001
1.71945908
1.62180435
1.52565475
1.4469406100000002
1.37796432
1.2923054500000002
1.15811073
0.9566835
0.69767967
0.41244377
0.12981655
-0.14083497
-0.40138363
-0.6455699199999999
-0.8561325100000001
-1.01943237
-1.13369789
-1.20761871
-1.26643272
-1.34699249
-1.4674697900000002
-1.6111181600000002
-1.74557907
-1.84942825
-1.91780518
-1.9460701
-1.92180161
-1.84107941
-1.71483597
-1.5577336099999999
-1.38738449
-1.2232811700000001
-1.07799919
-0.9592609400000001
-0.86984138
-0.7971172300000001
-0.72088455
-0.63425896
-0.54739578
-0.47621346000000003
-0.42823929
-0.39632046000000004
-0.36582844000000003
-0.32326191000000004
-0.2600658
-0.17483460999999997
-0.07302497
0.0370283
0.15085375
0.27164824
0.40573334000000005
0.55677681
0.72553307
0.9073602300000001
1.08883652
1.25447678
1.39550781
1.5089827
1.5936381499999999
1.64925293
1.67754211
1.68622467
1.68880966
1.6933432
1.6969165000000002
1.68319336
1.6186094700000002
1.4688108800000002
1.2269677
0.92711411
0.6294003699999999
0.38998745
0.2376935
0.16327694
0.12994869
0.09739488
0.042459800000000006
-0.04366354
-0.17355471000000003
-0.35213734
-0.56391041
-0.78142258
-0.97453865
-1.12900749
-1.24912117
-1.35284912
-1.4750752299999998
-1.64655258
-1.8750569200000002
-2.13899292
-2.38140411
-2.530289
-2.5419162
-2.43422745
-2.26959824
-2.1049449200000003
-1.9685273699999999
-1.85958618
-1.75778473
-1.6412867700000002
-1.4985205099999999
-1.33481293
-1.17053345
-1.02564606
-0.9049310300000001
-0.7954838599999999
-0.6771921500000001
-0.53996307
-0.39395267
-0.26516306
-0.18194862
-0.15993264999999998
-0.19260157
-0.25508527999999997
-0.32210117
-0.37766972000000004
-0.40606384
-0.39640823
-0.3534066
-0.28583855
-0.19957932
-0.10077574
0.00871598
0.12964798
0.25642611
0.37705055000000004
0.48024590000000006
0.55952488
0.6120043900000001
0.63733227
0.63959846
0.62650295
0.6042905
0.5767606
0.54547977
0.50556911
0.44723625
0.36173797999999996
0.24415499000000002
0.10113368
-0.04410254
-0.15962194000000002
-0.21733771999999998
-0.20602125000000002
-0.13628758
-0.03508311
0.06659587
0.14596729
0.18707441
0.18214064000000002
0.14235182
0.08580845000000001
0.01096636
-0.09692605
-0.23830847
-0.39491539000000003
-0.53460781
-0.61989552
-0.63433342
-0.5892564
-0.50140987
-0.38032051000000006
-0.2297072
-0.05196407
0.14287822
0.33153305000000005
0.48940544
0.6102536
0.70330536
0.77342957
0.81804283
0.83827652
0.8408168
0.83409668
0.82714699
0.8258580000000001
0.83186165
0.84574883
0.87016785
0.9087373400000001
0.9610479700000001
1.02460258
1.09523628
1.16564583
1.2277346
1.2705125400000001
1.2838089
1.26473808
1.21663246
1.14505859
1.05712051
0.96121475
0.85963776
0.74890701
0.6259227
0.49055023
0.34752758
0.20237886
0.058244800000000006
-0.08665972999999999
-0.23929197
-0.40768970000000004
-0.59727013
-0.8055867000000001
-1.02459915
-1.23482948
-1.3955749499999999
-1.4792353800000002
-1.51901657
-1.5750235000000001
-1.6456277499999998
-1.6742602500000001
-1.64262924
-1.58568985
-1.5267038
-1.45658218
-1.36669388
-1.26822983
-1.1818617200000001
-1.1170005
-1.06597092
-1.0165862300000001
-0.9582283
-0.88673187
-0.81188362
-0.7437625900000001
-0.67586555
-0.59273129
-0.48412445
-0.35099316
-0.20362687999999998
-0.05115878000000001
0.10366343
0.26298061
0.43414394
0.61946957
0.80364738
0.9624929799999999
1.07823219
1.13924133
1.13669441
1.0709124
0.95685181
0.8196143300000001
0.68450081
0.57219414
0.49675575000000005
0.4660593
0.48858006000000004
0.56741936
0.69470337
0.8603163100000001
1.0459124
1.22663498
1.39254013
1.54130447
1.65330963
1.70119598
1.67590652
1.58259659
1.4345921300000002
1.25922318
1.07947197
0.90352882
0.7371789599999999
0.58167603
0.43307995
0.29184528
0.16210312
0.046444070000000004
-0.05767907
-0.15976342000000002
-0.26650133
-0.36832821000000004
-0.44598205999999996
-0.49093632
-0.5133142500000001
-0.52865063
-0.5411692
-0.54046505
-0.50470528
-0.41089294000000004
-0.25298857
-0.05061301000000001
0.16203710999999998
0.35636028000000003
0.51603992
0.63357777
0.7078308099999999
0.73972519
0.73179688
0.68929222
0.62135529
0.54133198
0.45957633999999997
0.38108219
0.31016228
0.25115238
0.20582031
0.17114025000000002
0.14230838
0.11736902
0.09542545000000001
0.07643874
0.0671813
0.07640919
0.10203965000000001
0.13454836
0.16806764999999999
0.19737162000000003
0.20740272999999998
0.17727405999999998
0.09895422
-0.01243076
-0.12693388
-0.21982162
-0.28267788
-0.31418655
-0.3126606
-0.28100574
-0.22586861
-0.15082486
-0.061513479999999995
0.02496709
0.08106577
0.07732834000000001
-0.00433301
-0.16032236000000002
-0.36531322000000005
-0.58321308
-0.7838638299999999
-0.95170708
-1.084384
-1.18740044
-1.2693813299999999
-1.3385516400000002
-1.3981603999999999
-1.4473161300000001
-1.48426407
-1.50356476
-1.49507126
-1.4526937899999999
-1.3838339199999998
-1.30473862
-1.22795235
-1.15442406
-1.07294632
-0.97055313
-0.8422477
-0.69036743
-0.5236954500000001
-0.35465831999999997
-0.19165268000000002
-0.036404450000000005
0.11322737999999999
0.26034184
0.40480083
0.53846058
0.6465434999999999
0.7166565699999999
0.74517258
0.73699547
0.7070549
0.67841209
0.6688305699999999
0.67954689
0.69790176
0.70595772
0.68796059
0.63843483
0.56358025
0.47414089
0.38349255
0.30694878
0.25716963
0.24121628
0.25723286
0.29740141000000003
0.35465267
0.42141026
0.48957375
0.5553875
0.61813145
0.67145676
0.70219414
0.7027610799999999
0.68016029
0.65263863
0.6388147000000001
0.6483687600000001
0.68082375
0.72676834
0.77162453
0.80271812
0.81415909
0.8065335100000001
0.78424568
0.75616867
0.73088814
0.70782806
0.68018456
0.64376816
0.59736507
0.53899158
0.46877316
0.39201099
0.3175449
0.25302956
0.19845469999999998
0.1504449
0.11317119
0.09682396000000001
0.10436721
0.12658029
0.1498539
0.1598235
0.14409652
0.09941429
0.03229991
-0.04717644
-0.12845419
-0.19831362
-0.24496151000000002
-0.26526236000000003
-0.26284081000000004
-0.24309828
-0.21310509
-0.18243279999999998
-0.1587754
-0.14421412
-0.13852274
-0.14383519
-0.16542858
-0.20919146000000002
-0.27856087
-0.37188698000000003
-0.47998363
-0.58605011
-0.6723475600000001
-0.72826324
-0.7514651499999999
-0.7475967400000001
-0.7293131300000001
-0.71208496
-0.7089823199999999
-0.72415825
-0.75037537
-0.77490387
-0.7896161700000001
-0.79526917
-0.79699966
-0.79935921
-0.80349068
-0.80729324
-0.80798485
-0.80443939
-0.79832588
-0.79134468
-0.78423431
-0.77982094
-0.78410004
-0.80426285
-0.8435380600000001
-0.89797997
-0.9575960499999999
-1.00618912
-1.02130508
-0.98156982
-0.88171173
-0.73820671
-0.57570679
-0.41284317000000004
-0.26050949
-0.1267614
-0.020011
0.05322349
0.08952667
0.08972400000000001
0.06500566
0.03636186
0.02308349
0.03284144
0.06515082
0.11709599000000001
0.18150021
0.25309402
0.32985695
0.40475559
0.46752594000000003
0.50795013
0.52013008
0.5040704300000001
0.46236465000000004
0.40273323
0.33647765999999996
0.27324249
0.22034184
0.18911196
0.19665953
0.25194283
0.34750393
0.46483761
0.58448139
0.6938198099999999
0.7866310900000001
0.85975769
0.90740738
0.9182328
0.8830832700000001
0.8050213599999999
0.70183601
0.5996899
0.52121162
0.47463478000000003
0.45441166000000005
0.45136898000000003
0.45873619
0.47247559000000006
0.48895283
0.50031559
0.49574982
0.47043201000000007
0.42939457
0.38159084
0.33015621000000006
0.26983555
0.19608006
0.11233259000000001
0.03129808
-0.02949222
-0.06038003
-0.06783285
-0.07020462000000001
-0.08562369
-0.12212127
-0.17639196
-0.23801214
-0.29550719999999997
-0.33994835
-0.36837036
-0.38681355000000006
-0.40280174
-0.41559483
-0.41877895000000004
-0.40667973
-0.37879581
-0.34493640999999997
-0.32452866
-0.33646233000000003
-0.38637653
-0.46492786
-0.55710209
-0.6508717300000001
-0.74041672
-0.8206055499999999
-0.87951981
-0.89876518
-0.86279289
-0.7711108400000001
-0.64202927
-0.50642078
-0.39325848
-0.31809925
-0.28562181
-0.29197187
-0.32367634
-0.36405312
-0.39958626
-0.42063255
-0.42031441
-0.39081928
-0.32359005
-0.2167635
-0.07976055
0.06778981
0.20280209
0.30859144
0.37945335
0.42242179999999996
0.45555855
0.4954076
0.54305229
0.583941
0.60177227
0.59279594
0.56573128
0.53099747
0.49365429
0.45300925999999997
0.40652485
0.35445091
0.29891346
0.24034783999999998
0.18048296
0.12895534
0.10034635
0.10308526000000001
0.13479035
0.18536155999999998
0.2410231
0.28770128
0.31414265
0.31698263
0.30270338
0.28099117
0.25755196
0.23274364
0.20547621
0.17743086000000002
0.15287589000000001
0.13645842
0.12949843
0.12760998
0.12417935000000001
0.11537593
0.10036254
0.0755312
0.03227686
-0.03496806
-0.12254362
-0.21967543
-0.31441236
-0.40098099
-0.47999386
-0.5517276400000001
-0.6112452300000001
-0.64906898
-0.65925224
-0.6464231100000001
-0.62481312
-0.60913933
-0.6049604000000001
-0.60798405
-0.60548515
-0.58351479
-0.5393489499999999
-0.48110195
-0.41843906
-0.35602375
-0.29453718
-0.23478352000000002
-0.17809942
-0.12815561
-0.09010061000000001
-0.06558479
-0.04944896
-0.03031456
0.0013126
0.04584248
0.09490076
0.13708098
0.16503205999999998
0.1787689
0.18763075
0.20543266
0.23850733000000002
0.28023544
0.31651981
0.33675053
0.33779106
0.32078358
0.28927233
0.24713053
0.19907740000000002
0.15328486
0.12262326
0.12298359
0.16218504
0.23148184000000002
0.31215719000000003
0.38540688000000006
0.43880936
0.4698497
0.48354858
0.48280251
0.4600021
0.40321365000000003
0.30920767000000005
0.18733681000000002
0.053788340000000004
-0.07474072
-0.18612141000000001
-0.27782103
-0.35299049
-0.41050907000000003
-0.44069225000000006
-0.43062752000000004
-0.37421951000000003
-0.27758003
-0.16053636999999998
-0.04872168
0.04167201
0.10969625000000001
0.16474160999999998
0.21497312999999998
0.26010303
0.293554
0.30700985
0.29715183
0.26562408000000004
0.21207447
0.13240954
0.023267780000000002
-0.11211953
-0.26542107000000004
-0.42716456999999997
-0.58327019
-0.71288246
-0.79315636
-0.8057204400000001
-0.74149857
-0.60394924
-0.41051647
-0.1884844
0.035538
0.24262411
0.41905483
0.55181843
0.62791733
0.6365332
0.57501884
0.45749317
0.31309916000000004
0.17062602999999998
0.04666755
-0.05190418
-0.12045337
-0.15700908
-0.16410122000000002
-0.14688808
-0.11215173
-0.06540675
-0.01164499
0.039199290000000005
0.07380642
0.08654441
0.086631
0.09041184
0.11114464
0.1546565
0.21748781
0.28871309
0.35248844
0.39124645
0.39399761
0.36483727000000005
0.32110214
0.28336870000000003
0.2643083
0.26115059
0.2596994
0.24650023999999998
0.22254572
0.20499477
0.21141497
0.25021393000000003
0.31702041999999997
0.39310684
0.45937916
0.5062159700000001
0.53032948
0.5338711500000001
0.5220191200000001
0.50024189
0.47513832
0.45427135
0.44432957
0.4484993
0.46510677
0.48732311000000006
0.50401073
0.50216625
0.47196796
0.41167713
0.32757420000000004
0.23273022000000002
0.14249919
0.0693758
0.02100178
-0.0031533499999999996
-0.00913188
-0.0025768600000000003
0.015089420000000001
0.047746380000000005
0.09723844
0.15828894000000002
0.22009567000000002
0.26990807
0.29785536
0.29874056
0.27168505
0.21870428
0.14554374
0.06155001
-0.025153560000000002
-0.10921635
-0.18883911
-0.26557457
-0.34190804
-0.42012077
-0.49991814
-0.57839031
-0.65056023
-0.70972252
-0.7499659
-0.7679512800000001
-0.76585808
-0.74938141
-0.7219139099999999
-0.6843808
-0.6371691899999999
-0.58227695
-0.52370651
-0.46744862
-0.42164673
-0.39149689000000004
-0.37694157
-0.37569859
-0.38591557000000004
-0.40662483000000005
-0.43344952
-0.45902145
-0.47855148000000003
-0.48939098000000003
-0.48945175
-0.47842906999999996
-0.45946835
-0.43921452000000005
-0.42444252
-0.4193203
-0.42381039000000004
-0.433531
-0.44256248
-0.44562679000000005
-0.44074249000000004
-0.4299337
-0.41484871
-0.39421371
-0.36479382
-0.32530372999999996
-0.28085232000000004
-0.2409108
-0.21442717
-0.20632868
-0.21451113
-0.22967194
-0.24008278000000002
-0.24056412000000002
-0.23502567
-0.22829306
-0.22142119999999998
-0.21267185000000002
-0.19873726000000003
-0.17824623
-0.15308801000000002
-0.1253666
-0.09308148
-0.047535999999999995
0.021834509999999998
0.11667145
0.22423203000000003
0.32366947
0.39584128999999996
0.42887772
0.42056671
0.37745903
0.30964092000000004
0.22576483
0.13511528
0.04983128
-0.01951415
-0.06630338
-0.08637347000000001
-0.07754181
-0.0404008
0.02048181
0.09681068
0.17970324999999998
0.26212477
0.33604675
0.39065456
0.41664966999999997
0.41277256
0.3911689
0.37296818000000004
0.37294196999999996
0.38908493
0.40773666
0.41732922000000006
0.4156147
0.4068552
0.39878937000000003
0.40070866000000005
0.41802799
0.44925968
0.48985195
0.5383950000000001
0.59653606
0.6623591600000001
0.72779152
0.77900795
0.8003826100000001
0.78221748
0.72470596
0.63999832
0.54660694
0.45929794
0.38506962
0.3228513
0.26914339
0.22239973
0.18229872
0.1495803
0.12454942000000001
0.10764960999999999
0.10058754
0.10545406
0.1235433
0.15201046000000001
0.18388203
0.21262238
0.23429334999999998
0.24866606000000002
0.26037777
0.27318502
0.28276566
0.27868694
0.24883404
0.18273287
0.07501703
-0.07285353
-0.24986891
-0.43614426
-0.61027981
-0.75600266
-0.86368179
-0.9302429200000001
-0.9601989000000001
-0.9634350600000001
-0.9493711899999999
-0.92297066
-0.88566849
-0.83936913
-0.7885003700000001
-0.73986908
-0.70356796
-0.6920084400000001
-0.71321587
-0.7658839399999999
-0.8391194900000001
-0.91495544
-0.97800789
-1.02082504
-1.03911201
-1.02879639
-0.98466415
-0.90129433
-0.77831177
-0.6238267900000001
-0.45252212999999997
-0.2797677
-0.11698791
0.02989177
0.15850308
0.26576418
0.34593390999999996
0.39506798000000004
0.41762104
0.42400925
0.4243515
0.42482658
0.42727844
0.43419231
0.4469117
0.46151009000000004
0.47012135
0.46217896
0.43298279
0.3878112
0.33669773
0.29361574
0.27232449
0.27858673
0.30601717
0.34088238
0.37304752
0.40279545
0.43997318
0.48895569000000005
0.53810165
0.57021572
0.5762925
0.5605138000000001
0.53434753
0.50798733
0.48601727
0.46804546
0.45369808
0.44430813
0.44265266
0.44955078000000004
0.46116142000000004
0.471964
0.47528221000000004
0.46655093999999997
0.44521084000000005
0.41083019
0.36187725
0.29460384
0.20641161
0.10024050000000001
-0.01593548
-0.13167012
-0.23804075000000002
-0.32546616
-0.38310871
-0.40608929000000005
-0.40267078
-0.39324303
-0.3963176
-0.4180616
-0.45010357
-0.47155575
-0.46019374999999996
-0.40360302
-0.30513735000000003
-0.18174137
-0.05223486
0.07165997
0.18669588
0.29498838
0.3980793
0.49099220000000005
0.55938805
0.58480782
0.55708633
0.48050507000000003
0.36998039
0.24483305000000002
0.12335800000000001
0.02162722
-0.04779959
-0.07917136000000001
-0.07193494
-0.030020889999999998
0.03441649
0.10239046
0.15592471
0.18272804
0.17735744
0.14419721
0.09618579000000001
0.04624769
-0.00114718
-0.0482846
-0.09321842999999999
-0.12637694
-0.13886953999999999
-0.13084949
-0.11253648000000001
-0.09930611
-0.10591254
-0.13913607
-0.19361194999999998
-0.25585009
-0.31113943
-0.35289078
-0.38761955000000003
-0.42749882
-0.47959251
-0.53966835
-0.59390217
-0.62732365
-0.63230564
-0.61400921
-0.58760975
-0.56795677
-0.56198059
-0.56921642
-0.58660484
-0.60966415
-0.63168808
-0.64519119
-0.64263367
-0.61925636
-0.57628761
-0.51806942
-0.44935234
-0.37549957
-0.30221846
-0.23550451
-0.18107662000000002
-0.14356445
-0.12585584
-0.12783564
-0.14389621
-0.16228897
-0.17033342
-0.16043201
-0.13215672
-0.0894478
-0.03722182
0.01707016
0.06435732
0.0989345
0.11975992
0.12695114999999998
0.11729730999999999
0.08507368
0.027366570000000003
-0.051921049999999996
-0.14146326
-0.22478296
-0.28382126
-0.30409636
-0.28061989000000004
-0.22087103
-0.14019348
-0.0524591
0.03493744
0.12117361000000001
0.20771767000000002
0.29111550999999997
0.36205757
0.41334091
0.44780304000000004
0.47551899
0.50348175
0.53018299
0.54694969
0.54320164
0.51192863
0.4507523
0.36087508999999995
0.24808958
0.12333385
-0.00167256
-0.11834818999999999
-0.22000998
-0.29882038
-0.34673279
-0.36045273
-0.33951817
-0.28582022
-0.2080257
-0.11713871
-0.02425753
0.06023649
0.13127424
0.19020601
0.24413975000000002
0.29965719
0.35888004
0.41923141
0.47470539
0.52300579
0.56486809
0.59957298
0.62296143
0.62903942
0.61472195
0.5783518200000001
0.5239207100000001
0.46325928
0.40911007
0.37138247999999996
0.35239365
0.34744621000000003
0.34756836
0.34358238
0.33086525
0.30635870000000004
0.2698126
0.22159477
0.16131994
0.09127834
0.01314042
-0.06935349
-0.15036688
-0.22460535
-0.28791594
-0.3418417
-0.38897175
-0.42672401000000004
-0.44553925
-0.43286304000000003
-0.38309520999999996
-0.30124306
-0.20345169
-0.1113339
-0.04306658
-0.00865687
-0.00764095
-0.034976270000000004
-0.08710707
-0.16224724
-0.25734934
-0.36287407000000005
-0.46255272
-0.53799763
-0.57425064
-0.56321232
-0.50636192
-0.41555099
-0.30625677
-0.19067482
-0.07667507
0.03146427
0.13196650000000001
0.21997703999999998
0.28525923
0.31962696
0.32033271999999996
0.29085714
0.24273678
0.18955414
0.13924933
0.09283707
0.04928363
0.01002522
-0.02031814
-0.03555497
-0.03249283
-0.012565729999999999
0.02038786
0.06170765
0.10615596000000001
0.14691389
0.17598448000000003
0.18654036999999998
0.1769359
0.15291624
0.12429313
0.10004532
0.08525426
0.08136761999999999
0.08702446
0.09777931000000001
0.10880483
0.117463
0.12323699
0.12674593
0.12760595
0.12418867000000001
0.11529359
0.10094381000000001
0.08162519
0.056907769999999996
0.0273101
-0.00249521
-0.024305910000000003
-0.03009339
-0.01720769
0.00808998
0.03411124
0.050983539999999994
0.05434539
0.04530279
0.027788430000000003
0.00601761
-0.01538426
-0.031288420000000004
-0.03587897
-0.023472430000000002
0.00908055
0.06177853
0.13084459
0.20864063000000002
0.28530359
0.35161403999999996
0.40217117
0.43390648
0.4445982
0.43465649
0.40702717
0.36581192
0.31439838000000003
0.2558444
0.19402925000000001
0.13115425
0.0666745
-0.00040814000000000003
-0.06870095
-0.13369705
-0.18918369
-0.22983681
-0.25440302
-0.26522644
-0.26636645999999997
-0.26083296
-0.24796377
-0.22656748000000002
-0.19861747999999999
-0.16977779
-0.1466087
-0.13401027
-0.13524462
-0.15109804000000002
-0.18029278
-0.21875374
-0.26028572
-0.29771358
-0.32066246
-0.31946423
-0.2898152
-0.2332078
-0.15481025
-0.061068210000000005
0.03761121
0.12988823
0.20924164
0.27310635
0.31941212
0.34171677000000006
0.33164246
0.28722763
0.21594826
0.13163868
0.04864412
-0.02230725
-0.07585424
-0.111927
-0.13240173
-0.13666006
-0.12246268
-0.08858331
-0.033015420000000004
0.045563320000000004
0.14322214
0.24939529000000002
0.35010513000000004
0.43443184
0.49569481000000004
0.52916065
0.53441086
0.5183889
0.49177010000000004
0.46157459000000006
0.42987396
0.39757561
0.36604916000000004
0.33661736
0.31128585999999997
0.2935359
0.28585691
0.28699984
0.29221903
0.2961985
0.29592306
0.29041117
0.28046659
0.26903130999999997
0.25832882
0.24656271000000002
0.22803961
0.19583126
0.14600715
0.08057675
0.0064356000000000005
-0.06808913999999999
-0.13779055
-0.20155941
-0.25922436000000004
-0.31065584
-0.35518452000000006
-0.39178939999999995
-0.42213291
-0.4497924
-0.4752475
-0.4935619
-0.49820732
-0.48572685
-0.45680786
-0.41544021999999997
-0.366423
-0.31488304
-0.26779299
-0.23389011
-0.22250492000000002
-0.23868196000000003
-0.27921
-0.33530731
-0.39687286
-0.45532490000000003
-0.50387505
-0.53620975
-0.54623596
-0.5301001000000001
-0.49088687999999997
-0.43932963999999997
-0.38781879
-0.34388214
-0.30868912000000004
-0.28152964
-0.26231456999999997
-0.25007721
-0.24313859999999998
-0.2402338
-0.24143187000000002
-0.24664746999999998
-0.25258614
-0.25355465
-0.24455389
-0.22476353
-0.19984119
-0.1786768
-0.16732018
-0.16528013000000003
-0.16605975999999997
-0.16189243
-0.1471879
-0.11879920000000001
-0.07605096
-0.01953192
0.048832240000000006
0.12491415
0.20358204000000002
0.27811756
0.34011173
0.38178749000000006
0.39826653
0.39014530000000003
0.36553585
0.33890682
0.32232601000000005
0.31750092
0.31981314
0.32557354
0.3347633
0.34936356
0.36978474
0.39439236
0.42040374999999996
0.44387135
0.45924664
0.45960209
0.43908442999999997
0.39672081
0.33822989999999997
0.27252226
0.20649372
0.14321319000000002
0.08291069999999999
0.02439145
-0.03327249
-0.08719515
-0.12949422
-0.15136006
-0.14808424
-0.12134021
-0.07829007
-0.029368530000000004
0.016459440000000002
0.05592106
0.0896542
0.11669207999999999
0.12936403999999999
0.11552257
0.06826551
-0.00597606
-0.08806912
-0.15756317
-0.20408607
-0.22863337000000003
-0.23775902
-0.23700804000000003
-0.22841436
-0.21121794000000002
-0.18371826
-0.14608848
-0.10117701999999999
-0.05293669000000001
-0.00609522
0.03235308
0.053194200000000004
0.04941012
0.02243059
-0.017246690000000002
-0.05575426
-0.08113868
-0.08741433000000001
-0.07742928
-0.06092328
-0.04848947
-0.0454765
-0.04927039
-0.05172896
-0.045448449999999994
-0.02919625
-0.00992758
-0.00011301
-0.0093157
-0.03759056
-0.07826730000000001
-0.12459645999999999
-0.17275667
-0.22281088000000002
-0.27742296
-0.33798701999999997
-0.40234829
-0.46197861000000007
-0.50297218
-0.51439991
-0.49299385
-0.44325623000000003
-0.37609718000000003
-0.30282749
-0.22963364
-0.15944496
-0.09758301
-0.05296294
-0.031792980000000005
-0.03003046
-0.03614903
-0.04010701
-0.037397230000000004
-0.02932131
-0.01957513
-0.010869420000000001
-0.0044094600000000005
0.00014725
0.00207075
-0.00042902
-0.00685265
-0.014412659999999999
-0.020267320000000002
-0.0227918
-0.01977931
-0.00693209
0.01981391
0.06002405
0.10667626000000001
0.14959461
0.18098297
0.19847069
0.20443899
0.2028933
0.19653901999999998
0.18652138000000001
0.17484253
0.16494123
0.16008883000000002
0.1626033
0.17514303000000003
0.20180653
0.24325361
0.29188793
0.33554489
0.36318333
0.36745083
0.3462627
0.30337849
0.24692366000000002
0.18660557
0.13157787
0.08962192999999999
0.06507914000000001
0.05557365
0.052883950000000006
0.0488475
0.040912119999999996
0.03349899
0.03496001
0.05139113
0.08156769000000001
0.11786462
0.15119044
0.17529463
0.18799145
0.19049644000000002
0.18653372000000001
0.18027067
0.17495264
0.17065153
0.16245922000000002
0.1444596
0.11357143000000001
0.0704676
0.01897486
-0.0359724
-0.0887565
-0.13421317
-0.1686857
-0.1894071
-0.19520226999999998
-0.18650026
-0.16532581000000002
-0.13601941
-0.10413064999999999
-0.07433741
-0.048792
-0.02773832
-0.01168152
-0.00269615
-0.0038906800000000005
-0.01603105
-0.03550892
-0.05694984
-0.07706444
-0.09789071
-0.12630507
-0.16701418
-0.21673803
-0.26587166
-0.30390795000000004
-0.32436962
-0.32648991000000005
-0.31405512
-0.29376095
-0.27281376
-0.25645529
-0.24710192
-0.24531458
-0.25041672
-0.26053165
-0.27444963
-0.29220724000000003
-0.31244942000000003
-0.33040897
-0.3389917
-0.3336343
-0.31615194
-0.29246075
-0.26772076
-0.24297007
-0.21518223
-0.18093498
-0.13971932
-0.09468224
-0.05066184
-0.01114524
0.0219727
0.047131160000000005
0.06405570000000001
0.07502517
0.08352380000000001
0.092018
0.10122493
0.11027816
0.11733874
0.12093171999999999
0.12154576
0.12200144
0.12503651
0.13062665
0.13596982000000002
0.13770342
0.13565531
0.13456595999999998
0.14118181999999999
0.15983929
0.18937843000000001
0.22311695
0.25301344000000003
0.27511868
0.29130577
0.30634977
0.32430283000000004
0.34734530999999996
0.37584797000000003
0.40747227
0.4367984
0.45694878000000005
0.4618531
0.44796199999999997
0.41514736
0.36690758
0.30957165000000003
0.24997713000000002
0.19334024
0.14335461000000002
0.10249933
0.07134053
0.04908506
0.03461427
0.026257250000000003
0.021083590000000003
0.014831790000000001
0.0031381399999999998
-0.01649901
-0.04335482
-0.0743034
-0.10538238
-0.13267336000000002
-0.15324814
-0.1647411
-0.16576433000000002
-0.15717922
-0.142235
-0.1263583
-0.11386623
-0.10685701
-0.10789625
-0.11930893
-0.14064118
-0.16681429
-0.1895009
-0.20041037
-0.19420390999999998
-0.17133333
-0.13646344
-0.09567292999999999
-0.055046229999999995
-0.01884395
0.011675379999999999
0.03899252
0.06702825
0.09768464
0.12972961
0.15976355
0.18380665000000002
0.19735586000000002
0.19782225
0.18700937
0.16923155
0.14853886
0.12548219
0.0967635
0.05964627
0.01617983
-0.02634327
-0.05867463
-0.07293464000000001
-0.06537092
-0.038310460000000005
0.00152049
0.04679785
0.09118645000000002
0.1281972
0.15156885
0.15853540000000002
0.15201461
0.13823525
0.12344884
0.11344183
0.11206066
0.11902843
0.12996953
0.1385957
0.13936991
0.12768489
0.10029474000000001
0.05731228
0.0027744799999999997
-0.05613646
-0.1105199
-0.15158495
-0.17357050000000002
-0.17544495000000002
-0.16029216999999998
-0.13414202
-0.10195292
-0.06468259
-0.02080126
0.03104441
0.08850780000000001
0.14405387
0.18626410000000002
0.20317191999999998
0.18800364
0.14225489
0.07509664
0.00061098
-0.06734117
-0.11969615
-0.15320627
-0.16760292
-0.16268736
-0.13861056
-0.09858905
-0.05066178
-0.00609012
0.0239559
0.03306278
0.02258636
-0.00147496
-0.03324264
-0.06836865
-0.10282942
-0.13278176
-0.15636322
-0.17296226999999997
-0.18224159
-0.18557144
-0.18595968
-0.18674194
-0.18942948999999998
-0.19329979000000003
-0.19815228999999998
-0.20403455999999998
-0.20973537
-0.2127096
-0.20969353000000002
-0.19975527
-0.18476744
-0.16830149
-0.15581994999999998
-0.15151048
-0.1559924
-0.16746094
-0.18241448999999998
-0.19617010000000001
-0.20359032
-0.20045868
-0.18580407999999998
-0.16291195
-0.13682359
-0.11111974000000001
-0.08716827
-0.06617086
-0.05124482
-0.045281010000000003
-0.047970040000000005
-0.05424071
-0.05483529
-0.04144036
-0.010846380000000001
0.03460636
0.08907059
0.14581829000000002
0.19728432
0.23526558000000003
0.2531505
0.24916204
0.22766882
0.19658108
0.16411154
0.13653104000000002
0.11757724
0.10889487
0.11063347999999999
0.12244509
0.14244715
0.16565168
0.18521965
0.1952602
0.19256262
0.17622589000000002
0.14676977000000002
0.10654237999999999
0.06043468
0.01460939
-0.025374340000000002
-0.055610410000000006
-0.07514304000000001
-0.08538902999999999
-0.08735068
-0.08061579
-0.06511825
-0.04299175
-0.01905967
0.00027665
0.010074419999999999
0.00942164
0.00112505
-0.01127966
-0.02704186
-0.04791298
-0.0738497
-0.10116072000000001
-0.12546804
-0.14428278
-0.15704452
-0.16353777
-0.16317395999999998
-0.15662439
-0.14512092000000001
-0.12921049
-0.10859499
-0.08099864999999999
-0.04450498
-0.000775
0.04426106
0.08193019
0.10528869
0.11227141
0.10633268
0.09391567
0.07892517
0.06058036000000001
0.036513300000000005
0.00672433
-0.02498904
-0.05265107000000001
-0.07132672999999999
-0.07957731
-0.08040892
-0.07855614
-0.07593663
-0.07112207
-0.06111117
-0.044294770000000004
-0.022500930000000002
0.0009732100000000001
0.02351877
0.044650730000000007
0.06587655
0.08788904
0.10874461
0.12441274000000001
0.13048455
0.12419598000000001
0.10562219
0.07722309000000001
0.04219945
0.0031558199999999997
-0.03660415
-0.07161549
-0.0949015
-0.09859318
-0.07739622
-0.03267305
0.028511690000000003
0.09650998
0.16201532000000002
0.21747724999999998
0.25717939
0.27764578
0.27765926
0.25811487
0.22179188
0.17319513
0.11873132
0.06630343
0.024157440000000002
-0.00090284
-0.0058460000000000005
0.00731081
0.032624230000000004
0.06290609
0.09229098000000001
0.11708371
0.13617259
0.15088104
0.16247171000000002
0.17075115000000002
0.1742132
0.17047236999999998
0.15790058
0.13715698
0.11212748
0.08824176
0.06928255
0.05683279
0.051201590000000005
0.051883210000000006
0.05695075
0.06303035
0.0671228
0.06818173
0.06722449
0.06584232
0.06407808000000001
0.059895449999999996
0.051165050000000004
0.03835251
0.025168020000000003
0.01604066
0.01234011
0.011057349999999999
0.00721923
-0.0019843
-0.01539156
-0.029768279999999998
-0.04260739
-0.054125860000000005
-0.06672840000000001
-0.08151014999999999
-0.09567713
-0.10319062000000001
-0.09915246
-0.08489808
-0.06726191000000001
-0.053847360000000004
-0.049423690000000006
-0.05439418
-0.06613489
-0.08227601999999999
-0.1038636
-0.13436961
-0.1744219
-0.21917124000000002
-0.2604324
-0.29095709
-0.30704905
-0.3075779
-0.29323368
-0.26766445
-0.23809431
-0.21333428999999998
-0.19904989
-0.19601851
-0.20229677
-0.21400326
-0.22717619
-0.24049007
-0.25528502
-0.27345657
-0.29397213
-0.31232239
-0.32257694000000003
-0.31879263
-0.29719357
-0.25893314
-0.21128834000000002
-0.16484447
-0.12865374
-0.10698105999999999
-0.09888362
-0.10009287
-0.10461329
-0.10735307000000001
-0.10668944
-0.10285817
-0.09486246
-0.08049486
-0.05881965
-0.03036515
0.00360624
0.0390142
0.06867444
0.0856739
0.08670422
0.07411752
0.05504933000000001
0.037612190000000004
0.02736887
0.02569021
0.03151888
0.04443347
0.06420695
0.08836792000000002
0.11109316
0.12456588
0.12202404
0.10031303
0.06133544
0.012096
-0.036905070000000005
-0.07461496000000001
-0.09296543
-0.08970636000000001
-0.0682171
-0.0350124
0.00184062
0.03495067
0.05975478
0.07437574
0.07918428
0.07646284
0.07052843
0.06693668
0.06984247
0.08048976
0.09700061
0.11567881
0.13360686
0.14985281
0.16487078
0.17843554
0.18832348
0.1911412
0.18390484
0.16684717
0.14463984
0.12381565
0.10972932
0.104626
0.10775624
0.11705251000000001
0.13053684000000002
0.14707463
0.16607662
0.18710045
0.2088991
0.22790030000000003
0.23858827999999999
0.23501335
0.21261064999999998
0.17154236
0.11869843
0.06520909
0.02150956
-0.00641873
-0.01681105
-0.01036201
0.00992747
0.03945976
0.07312077
0.10650857999999999
0.13701273
0.16308727
0.18291418
0.19393312000000001
0.19435376999999998
0.18464376000000002
0.16756889000000003
0.1473208
0.12744715
0.10930256999999999
0.09232593
0.07659663
0.06358116
0.05444915
0.05065248000000001
0.05352809
0.06303816000000001
0.07836627
0.09806171000000001
0.1196358
0.13998474
0.15729539
0.17136154
0.18193613
0.18814360000000002
0.18796743
0.17925615
0.16283628
0.14273244000000002
0.12278913
0.10426206
0.08583127
0.06572827
0.04492484
0.02750279
0.01867437
0.02290404
0.04131884
0.06941753
0.09717045
0.11232404000000001
0.10605827
0.07795154
0.03603747
-0.008790329999999999
-0.047643380000000006
-0.07470596
-0.08741318
-0.08570691
-0.07169452
-0.049935669999999995
-0.026630050000000002
-0.00880296
-0.0007637
-0.00091946
-0.00438392
-0.0074762
-0.01166517
-0.022291699999999998
-0.04185447
-0.06692157
-0.09023512
-0.10500266
-0.10807564
-0.10021481
-0.0857993
-0.07126614
-0.0614733
-0.05804667
-0.05973756
-0.06269987
-0.06238179
-0.055815380000000005
-0.04433087000000001
-0.03413038
-0.03096099
-0.03611561
-0.0462428
-0.05536769
-0.05955583
-0.059596920000000005
-0.06000007
-0.06530888
-0.07743891
-0.09657228
-0.12167361
-0.14974034
-0.17538286
-0.19240067
-0.1969199
-0.18827871
-0.16893673
-0.14379847
-0.11704881
-0.0907672
-0.06546207
-0.04099278
-0.01892463
-0.00243853
0.0059374499999999995
0.0054376599999999995
-0.00373677
-0.021049730000000003
-0.044494610000000004
-0.07107178
-0.09683035000000001
-0.11686702
-0.12824636
-0.1312407
-0.12836937
-0.12190226
-0.11225882000000001
-0.09980803
-0.08538658
-0.06971405
-0.05436664000000001
-0.04248516000000001
-0.03741072
-0.04046239
-0.05062505
-0.06616103
-0.08475666999999999
-0.10191195
-0.11297238
-0.11692219
-0.11638479
-0.11476595
-0.11297561
-0.10955101
-0.10258623
-0.09008585999999999
-0.07184784
-0.05204263
-0.03806409
-0.03640882
-0.04943072
-0.07445032
-0.1056537
-0.1366578
-0.16165836
-0.176049
-0.17672441
-0.16390589
-0.1416043
-0.11537246
-0.09098546
-0.07227557
-0.0601509
-0.05419878
-0.054158609999999996
-0.0604918
-0.07329929
-0.090719
-0.10771423000000001
-0.11779589
-0.11668279999999999
-0.10392251
-0.08308747999999999
-0.05970431
-0.037910940000000004
-0.01906139
-0.0033136700000000003
0.00852372
0.01551933
0.01640762
0.00973863
-0.00371865
-0.018755459999999998
-0.026775000000000004
-0.02154646
-0.00257054
0.02541001
0.05383152
0.07527643
0.08723718999999999
0.09147345
0.09076698999999999
0.08481846000000001
0.07069373
0.0475936
0.02001481
-0.00403315
-0.01722294
-0.016274
-0.00314342
0.01706756
0.03781977
0.05243474
0.05694566
0.05123052
0.03901859
0.02707702
0.02168412
0.024146
0.02903262
0.02834876
0.01824908
0.00172231
-0.01332729
-0.019564830000000002
-0.01588004
-0.00761566
-0.0025331999999999998
-0.00485421
-0.01144042
-0.01509095
-0.00948878
0.008136580000000001
0.03531146
0.06593426
0.09480494
0.11908104
0.13515053
0.13880806
0.12915135
0.10908242
0.08381579
0.05964435
0.04136201
0.02910982
0.01877821
0.00603339
-0.01063275
-0.02863768
-0.042415510000000003
-0.0461339
-0.03661664
-0.01656626
0.0066697399999999995
0.02642719
0.03947756
0.04492769
0.042418950000000004
0.03222421
0.01575775
-0.0050131099999999994
-0.02764532
-0.048521970000000005
-0.06354823
-0.06978281
-0.06495979
-0.04665729
-0.014756260000000002
0.02571604
0.0666935
0.10104299
0.12383911
0.13298228
0.1294994
0.1174999
0.10213988
0.08551059999999999
0.0670688
0.04740544
0.029521199999999997
0.016601209999999998
0.010125750000000001
0.01095229
0.01839362
0.02926733
0.04115560000000001
0.05441759
0.0695789
0.08354651
0.09051681
0.08672647
0.07274915
0.05174381
0.02700999
0.00166457
-0.021210040000000003
-0.0386733
-0.04856153
-0.0503994
-0.04461315
-0.03288975
-0.01914201
-0.00792501
-0.00246238
-0.00352102
-0.009199800000000001
-0.01618532
-0.02273034
-0.03041616
-0.0417188
-0.05647188
-0.07026074
-0.07610012000000001
-0.06900983000000001
-0.048788410000000004
-0.01914733
0.01410776
0.044777889999999994
0.06790323
0.08071796
0.08222527
0.07265666000000001
0.05394056
0.02919301
0.00225938
-0.02190842
-0.037543150000000004
-0.03945458
-0.02787358
-0.01121325
-0.00053645
-0.00253365
-0.01644045
-0.03504866
-0.049004500000000006
-0.05147225
-0.040676170000000005
-0.01990661
0.00477072
0.02840883
0.0490833
0.06718133
0.08349548999999999
0.09628500000000001
0.10103329000000001
0.09347505
0.07379240000000001
0.0487135
0.026943929999999998
0.01327853
0.00831552
0.01165841
0.02282375
0.03917292
0.056647590000000005
0.07273689
0.08748886
0.10244384000000001
0.11850456
0.13562317000000002
0.15374288
0.17176249
0.18681644
0.19674983999999998
0.20225298
0.20591246000000002
0.21024652
0.21550760000000002
0.21857973000000003
0.21453334999999998
0.2005261
0.17916765
0.1570842
0.14060103
0.13219066
0.13034967
0.13307805
0.13970305
0.1503338
0.16466045
0.18050128999999998
0.1938386
0.20070843
0.19934875000000002
0.18982826
0.17289766
0.15044877
0.125619
0.10219765000000001
0.08339368999999999
0.07076228000000001
0.06413059
0.06153337
0.05917186
0.05199817
0.03634057
0.01306526
-0.01281433
-0.03550462
-0.05156343
-0.06130838
-0.06801737000000001
-0.07483793999999999
-0.08139188000000001
-0.08375399
-0.07838242000000001
-0.0663906
-0.05454531000000001
-0.05171728
-0.06347912
-0.08943540000000001
-0.12447865000000001
-0.16230764
-0.19737631
-0.22383614999999998
-0.2360482
-0.23155087000000002
-0.21292952
-0.18705906
-0.16181242
-0.14287222
-0.1325528
-0.13011799
-0.13336202
-0.13985263
-0.14712483
-0.15315183
-0.15679792
-0.15740116
-0.15391623
-0.14493597
-0.12993389
-0.11043884999999999
-0.09000138
-0.07248387
-0.06057274
-0.05607763
-0.05970291
-0.06992773
-0.083183
-0.09550262
-0.10475720000000001
-0.11176287
-0.11871238
-0.12643282
-0.13385394
-0.14012486000000002
-0.14610822
-0.15346745
-0.16236662
-0.16987047
-0.17163429000000002
-0.16585951000000002
-0.15542039000000002
-0.1461046
-0.14186977
-0.14200002
-0.14291143
-0.14082507
-0.13349905
-0.12146978000000001
-0.10738787999999999
-0.09334288000000002
-0.07908949
-0.06330542
-0.04543062
-0.02630398
-0.00818374
0.00637841
0.01578765
0.019577050000000002
0.01786994
0.01098317
-6.123e-05
-0.01320346
-0.02558198
-0.03403518
-0.036112069999999996
-0.03098716
-0.02004686
-0.00575285
0.01121103
0.0323108
0.05849162
0.08820839
0.11729426999999999
0.14004514
0.15141331
0.14956834000000002
0.13710248
0.11955365000000001
0.10240107
0.08889080999999999
0.07949233
0.07278812
0.06723594000000001
0.06251959
0.05919424
0.057402930000000005
0.05665191
0.05644342
0.0564679
0.056267740000000004
0.05540862
0.05416904
0.05328572
0.053404179999999996
0.05549424
0.06084713
0.07020031
0.08355328000000001
0.10017344
0.11811276
0.13452902
0.14671325
0.15295546999999998
0.15260165
0.14531284
0.13077658
0.10906347999999999
0.08138064
0.050556380000000005
0.02068575
-0.00389501
-0.020606049999999997
-0.02986752
-0.03428063
-0.037246839999999996
-0.04164975
-0.048647859999999994
-0.05694726
-0.0635506
-0.06625779
-0.06527092
-0.0626525
-0.0612622
-0.06357353
-0.07018163000000001
-0.07947573000000001
-0.08918682
-0.09792413
-0.10539983
-0.11163319
-0.11601944
-0.11791458
-0.1177723
-0.11662195
-0.11522793
-0.11392124000000001
-0.11229208
-0.10957483999999999
-0.1058405
-0.10197482000000001
-0.09829465000000001
-0.09398064
-0.08781831000000001
-0.0790095
-0.06735813
-0.05295148
-0.03612149
-0.018074140000000002
-0.0014031
0.01036593
0.014097
0.00886437
-0.00269467
-0.01528536
-0.02375657
-0.025202110000000003
-0.01911513
-0.00677552
0.00950576
0.028094039999999997
0.04951495
0.0757567
0.10773458
0.14296117
0.17575151000000003
0.20016869
0.21331297
0.21646849
0.21327923
0.20648451
0.19628687
0.18116285000000001
0.1594072
0.13076942
0.09736609
0.0632012
0.03332956
0.0127698
0.00527256
0.01239323
0.032573660000000004
0.06113713
0.09210172
0.12056214000000001
0.14343382999999998
0.1586422
0.16472017000000003
0.16064157
0.14575708
0.12072403
0.0881108
0.05197374
0.01706941
-0.01252868
-0.03474198
-0.04959731
-0.05819876
-0.061532970000000006
-0.0603292
-0.05585907
-0.0500226
-0.04404885
-0.03766425
-0.03009678
-0.02142268
-0.012973509999999999
-0.007340600000000001
-0.00764694
-0.01563352
-0.0303462
-0.04872340000000001
-0.06720741000000001
-0.08297688000000002
-0.09456238000000002
-0.10230840000000001
-0.10769268
-0.11158572
-0.11370433
-0.11360996999999999
-0.1113622
-0.10713726
-0.10111685
-0.09389157000000001
-0.08634741
-0.07905902000000001
-0.07236748000000001
-0.06738498
-0.06592599
-0.06894738
-0.07571242
-0.08450534
-0.09379842999999999
-0.1026686
-0.11034345000000001
-0.11552219
-0.11653875
-0.11249457
-0.10389478
-0.09234595000000001
-0.07959901000000001
-0.06682769000000001
-0.05498846
-0.04521729
-0.038885260000000005
-0.03720225
-0.04032246
-0.04694294
-0.05433876
-0.05887771
-0.057200860000000006
-0.04764085
-0.031279690000000006
-0.01155332
0.0074879
0.023130210000000002
0.03484933
0.04365397
0.05140021
0.05999593
0.06983315
0.07912252
0.08484852999999999
0.08468237
0.07871921999999999
0.06912115
0.05809556
0.04641572
0.033779210000000004
0.02069976
0.00921816
0.00153079
-0.00104647
0.00212533
0.011429700000000001
0.02666889
0.04608723000000001
0.06554331000000001
0.07892903999999999
0.08074419000000001
0.06890170000000001
0.04554536
0.01604544
-0.01354204
-0.03883397
-0.05752592
-0.06891951
-0.07313768
-0.07009863000000001
-0.05982932
-0.04398771
-0.02570534
-0.00732081
0.010539680000000001
0.027557710000000003
0.04258908
0.05394649000000001
0.060043280000000004
0.05965921
0.05266052
0.041018929999999995
0.02839983
0.01851131
0.0136093
0.0139497
0.01820211
0.024100769999999997
0.029122460000000003
0.0311477
0.02928373
0.02438039
0.01801136
0.01133298
0.00492813
-0.0015848799999999999
-0.00965329
-0.020974810000000003
-0.036110630000000005
-0.05302617
-0.06750586
-0.07529031
-0.07380813
-0.06336017000000001
-0.04702738
-0.02829939
-0.008755730000000001
0.011807510000000002
0.03377878
0.05623231
0.07643215
0.09096420999999999
0.09734275
0.09515124
0.0865006
0.07471059000000001
0.06210765000000001
0.04898891
0.03393186
0.014932270000000001
-0.00914296
-0.03720213
-0.06539511
-0.08829048
-0.1011258
-0.10167658
-0.09070643
-0.07106336
-0.04685027
-0.02286654
-0.0033599800000000003
0.0090992
0.01351956
0.01003738
-0.00016015999999999998
-0.015361180000000002
-0.0342695
-0.0558723
-0.07823284
-0.0981216
-0.11201541000000001
-0.11732878
-0.11334527
-0.10138934000000001
-0.08406129
-0.06426419
-0.04431557
-0.02542761
-0.00794013
0.00799864
0.02192812
0.03327754
0.04191327
0.04839911
0.053827179999999995
0.05910099
0.06409983000000001
0.06747357
0.06725146
0.06201883
0.052119479999999996
0.03974698
0.02768123
0.018344990000000002
0.01361259
0.01434112
0.0203489
0.0311694
0.046123750000000005
0.06429727
0.08532792
0.10921775
0.13478971
0.15882538000000002
0.1769379
0.18562449
0.18415449
0.17497536
0.16229338
0.15005395
0.14066268
0.13451872
0.13063397000000002
0.1281786
0.12697652
0.12663085000000002
0.12605014
0.12353279
0.11701468999999999
0.10494408
0.08758058
0.06725049000000001
0.0466993
0.027506430000000002
0.01027109
-0.00454999
-0.01639649
-0.024957669999999998
-0.030160990000000002
-0.031620499999999996
-0.028942540000000003
-0.023034020000000002
-0.01687452
-0.01442361
-0.01850612
-0.02961806
-0.04539199
-0.060968299999999996
-0.07144648
-0.07438646
-0.07027349000000001
-0.061746720000000005
-0.05236687
-0.04497782
-0.0407095
-0.03977436
-0.042925649999999996
-0.05157032
-0.0665704
-0.08700601000000001
-0.10980943
-0.13066546
-0.14554558
-0.15174401
-0.14835803
-0.13665174
-0.11986448
-0.10207024
-0.08662702
-0.07487512
-0.06607519
-0.058834790000000005
-0.05214447
-0.04540166
-0.03867371
-0.0327752
-0.028358720000000004
-0.02529823
-0.02320678
-0.02169927
-0.02022326
-0.01860131
-0.01754907
-0.01852582
-0.022987289999999997
-0.03113012
-0.04139797
-0.051142719999999996
-0.05791683
-0.06085154
-0.06076385
-0.0591199
-0.057289820000000005
-0.05616235
-0.05578495
-0.055602929999999995
-0.05519074
-0.054474770000000006
-0.053629300000000005
-0.05288516000000001
-0.05188206
-0.0493721
-0.04410097
-0.03611351
-0.026761740000000003
-0.01726476
-0.00812538
0.00015916
0.00710155
0.012817559999999999
0.017932680000000003
0.02306964
0.0284285
0.03356469
0.03754504
0.039426169999999996
0.03847121
0.03409324
0.026071749999999998
0.015030539999999998
0.00288938
-0.0074784
-0.013380840000000001
-0.013140849999999999
-0.00654276
0.00512975
0.01955749
0.03388018
0.045304250000000004
0.05187828
0.05313917
0.05010941
0.04433698
0.03701441
0.029064800000000002
0.021342550000000002
0.014477770000000001
0.009156260000000001
0.00624571
0.00622437
0.009101960000000001
0.014671050000000001
0.02246994
0.03176879
0.04157057
0.05098938000000001
0.059770000000000004
0.06800605
0.07542612
0.08111969000000001
0.08374735
0.08207457
0.07577765
0.06595395
0.05483483
0.04507536
0.03888404
0.03719006
0.03981149
0.04637779
0.056543029999999994
0.06959758
0.08421210999999999
0.09845255
0.11014623999999999
0.11748629
0.11974384
0.11752482
0.11215737
0.10489985000000002
0.09665459
0.0882125
0.08048504
0.07413746
0.06900833
0.06405121
0.05767901
0.04835086
0.035397780000000004
0.01942384
0.0021646
-0.013780349999999999
-0.02559588
-0.03144684
-0.03142819
-0.027301259999999997
-0.021401979999999998
-0.015579160000000002
-0.010607040000000002
-0.00654237
-0.00333959
-0.00102659
6.162e-05
-0.0005437899999999999
-0.00250698
-0.00440948
-0.00472539
-0.0028389599999999997
0.0007534200000000001
0.00473161
0.00720136
0.00606997
-0.00011994
-0.01122879
-0.025261239999999997
-0.0394247
-0.051566669999999995
-0.06051024
-0.06573977
-0.06717847
-0.06482848
-0.058897899999999996
-0.0506886
-0.04282303
-0.038260869999999995
-0.038974669999999996
-0.04502252
-0.05466156
-0.06527237999999999
-0.07430082
-0.08001725000000001
-0.08167374000000001
-0.07905998
-0.07210648
-0.06074174
-0.04504251
-0.025567850000000003
-0.00375201
0.01793385
0.03660059
0.05000042
0.05706241000000001
0.05781183000000001
0.05329266
0.045456500000000004
0.03648676
0.02781802
0.02003211
0.01389535
0.01091336
0.01253594
0.01891387
0.028070360000000003
0.03641018
0.04081266
0.040529279999999994
0.037130960000000005
0.03285224
0.02925441
0.02721514
0.02720666
0.028992320000000002
0.031239219999999998
0.03214343
0.03081241
0.027924690000000002
0.0255184
0.02601597
0.03074569
0.039297900000000004
0.05007182
0.06137159
0.07222061
0.08230876000000001
0.09119517
0.09748258
0.0990811
0.09434014
0.08274675000000001
0.06500107
0.04306974
0.020034580000000003
-0.0010872800000000001
-0.01871724
-0.03276175
-0.04408549
-0.05415246
-0.06411612
-0.07386783000000001
-0.08203653
-0.08681509
-0.08719065000000001
-0.08355415000000001
-0.07723415
-0.06987118
-0.06295781
-0.057614710000000006
-0.0547213
-0.05481249
-0.05767081
-0.06243252
-0.06809742
-0.07352364
-0.07749616
-0.07929486
-0.0787118
-0.07573774
-0.07067283
-0.06434253
-0.05803096
-0.053113219999999996
-0.0505542
-0.050461780000000005
-0.052058600000000003
-0.05425855
-0.0564918
-0.05897248
-0.06208568
-0.06579308
-0.06947278
-0.07211349
-0.0730358
-0.07241374
-0.07103778000000001
-0.06974361
-0.06892617000000001
-0.06845016000000001
-0.06781492
-0.06618657
-0.06258711
-0.05641637
-0.047691670000000005
-0.03685135
-0.02457919
-0.011655770000000001
0.00114987
0.01301269
0.02308899
0.0305458
0.03443469
0.03383944
0.02836648
0.01880631
0.00743907
-0.00273764
-0.009440490000000001
-0.011924650000000002
-0.010598920000000001
-0.00633463
-0.00011096000000000001
0.007334220000000001
0.01545409
0.02343173
0.030120110000000002
0.03448103
0.03605146
0.03494073
0.031415120000000005
0.025598770000000003
0.01762249
0.00808831
-0.00176666
-0.01045779
-0.01689239
-0.020797430000000002
-0.022481620000000004
-0.022403270000000003
-0.021173630000000002
-0.01976291
-0.01960943
-0.02222035
-0.02832299
-0.03748357
-0.04846113
-0.05984810000000001
-0.07055923
-0.07976106
-0.08647589
-0.08977717
-0.08957126000000001
-0.0868578
-0.08311292
-0.07958079
-0.0771424
-0.07647508
-0.07813444
-0.08257434
-0.08975674
-0.09867184
-0.10753306
-0.11435482000000001
-0.11765446000000002
-0.11713542
-0.11384844
-0.10987453999999999
-0.10759958
-0.10856497
-0.11265812
-0.11829857
-0.12317758
-0.12482706
-0.12103918000000001
-0.11051329000000001
-0.09353445
-0.0721449
-0.04967775
-0.0298098
-0.0154246
-0.00785669
-0.0067975399999999995
-0.01061437
-0.0168849
-0.02294714
-0.02627947
-0.024817480000000003
-0.017367550000000002
-0.00412583
0.01314544
0.03157455
0.04784052
0.05881975
0.06217516
0.056637190000000004
0.0420733
0.019701720000000002
-0.00760207
-0.03550518
-0.05925602
-0.07492374
-0.08022280999999999
-0.07505856
-0.06147251
-0.042602089999999995
-0.02145897
-0.0002356
0.01990649
0.03837363
0.054178170000000005
0.06554033000000001
0.07039621
0.06732069
0.056545069999999996
0.04049866
0.023174830000000004
0.008492300000000001
-0.0010249
-0.0044988
-0.0024528
0.00375018
0.012619940000000001
0.022803320000000002
0.0331372
0.042944329999999996
0.05231745
0.061776330000000004
0.07131659
0.08004096000000001
0.08684733
0.09122752
0.09362575
0.09508378
0.09623592
0.09674118999999999
0.09576459
0.09296065
0.08893084
0.08477056
0.08151989000000001
0.08009936
0.08126892
0.08523827
0.09180702
0.10078829
0.11112456999999999
0.12058833999999999
0.12762945
0.13211513
0.13419498000000002
0.13408834
0.13266401
0.13115707000000001
0.13025023
0.12953822
0.12800272
0.12495557
0.12018903
0.11388552
0.10703236
0.10076326000000001
0.09496803
0.09611146
0.09655685
0.08971795
0.08386418000000001
0.07948461
0.07659858
0.07415265
0.07075492
0.06610071
0.06114144
0.057811810000000005
0.05800261
0.0620439
0.06853906
0.07539397
0.08117832999999999
0.08542693
0.0880649
0.08951115
0.09028513
0.09033936000000001
0.08936998000000002
0.08721506
0.08398714
0.07979923
0.07483308
0.06984421
0.06576135
0.06309609000000001
0.06178703
0.061243740000000005
0.06048353
0.05811555
0.05280456
0.044200619999999996
0.03335066
0.022239429999999998
0.01295235
0.00695139
0.00459368
0.00541883
0.00894959
0.01499153
0.023519380000000003
0.034131049999999996
0.04528223
0.054705329999999996
0.06057263
0.061982989999999995
0.05907016
0.05282692
0.044526170000000004
0.03534139
0.026287880000000003
0.01824616
0.01190423
0.00759648
0.00525546
0.00465896
0.0057809
0.00877321
0.013575600000000002
0.01954386
0.025384950000000003
0.02951975
0.030721270000000002
0.0286346
0.023750010000000002
0.017056039999999998
0.009817820000000001
0.0031613599999999998
-0.00244222
-0.007170060000000001
-0.01151273
-0.01593388
-0.02057371
-0.025253739999999997
-0.02976342
-0.03410013
-0.03842956
-0.042913360000000005
-0.04769473
-0.052821889999999996
-0.05804767
-0.06285443
-0.06668954
-0.06923243
-0.070593
-0.07131651
-0.07206978
-0.073159
-0.07436266
-0.07522111
-0.07541417
-0.07486789
-0.07365378
-0.07195264
-0.07007867
-0.06846983
-0.06767659000000001
-0.06825875
-0.07051094000000001
-0.07429527000000001
-0.07914069
-0.08435801
-0.08908051
-0.09236553000000002
-0.09339884
-0.09176682
-0.08767307
-0.08184189
-0.07513798000000001
-0.0682782
-0.06174914
-0.055890630000000004
-0.05109764
-0.04786517
-0.04655795000000001
-0.04712363
-0.049
-0.05127031
-0.052941779999999994
-0.05324577
-0.051843139999999996
-0.04885602
-0.044747440000000006
-0.04008384
-0.035342069999999996
-0.030882290000000003
-0.02699785
-0.02391145
-0.02172151
-0.02039051
-0.0197515
-0.019537310000000002
-0.01947101
-0.01935672
-0.01912528
-0.0188111
-0.01848816
-0.01818231
-0.01781042
-0.01726911
-0.01655423
-0.01574046
-0.01490381
-0.014081699999999999
-0.01327365
-0.01245803
-0.01157808
-0.0105484
-0.009333310000000001
-0.00799549
-0.00667459
-0.0055146
-0.00455633
-0.0037272100000000003
-0.0029394
-0.0021564500000000003
-0.00140215
-0.0007248
-0.00014652
0.00033975
0.00076545
0.00119491
0.00169161
0.00227901
0.00294574
0.0036652000000000004
0.00439791
0.00508177
0.00564485
0.00604023
0.00626714
0.0063618
0.00636816
0.00632436
0.00626555
0.0062181
0.0061932
0.00618235
0.006162140000000001
0.00611582
0.0060428899999999995
0.00595221
0.005855979999999999
0.00576318
0.00567704
0.00559934
0.005534900000000001
0.00548962
0.0054632000000000005
0.00544996
0.00544577
0.00544788
0.00545227
0.00544955
0.00541957
0.00533324
0.005164520000000001
0.00490288
0.00455757
0.00415615
0.0037368600000000003
0.00333519
0.00297595
0.0026704800000000002
0.00241317
0.00218597
0.00197183
0.0017648
0.00156989
0.0013938800000000001
0.00123599
0.00108871
0.00094621
0.0008098
0.00068634
0.00058251
0.0005007799999999999
0.00044014
0.00039782
0.00036956000000000006
0.00034897
0.00032793000000000004
0.00029985
0.0002634
0.00022239999999999998
0.00018278
0.00014917
0.00012285
0.00010186
8.297000000000001e-05
6.398000000000001e-05
4.4869999999999996e-05
2.724e-05
1.287e-05
2.8e-06
-3.26e-06
-7.08e-06
-1.081e-05
-1.568e-05
-2.1589999999999998e-05
-2.752e-05
-3.236e-05
-3.567e-05
-3.7670000000000004e-05
-3.881e-05
-3.9550000000000006e-05
-4.019e-05
-4.0730000000000005e-05
-4.078e-05
-3.9750000000000004e-05
-3.724e-05
-3.32e-05
-2.8e-05
-2.225e-05
-1.655e-05
-1.134e-05
-6.840000000000001e-06
-3.12e-06
-1.6e-07
2.1800000000000003e-06
4.08e-06
5.74e-06
7.34e-06
8.97e-06
1.0700000000000001e-05
1.251e-05
1.436e-05
1.617e-05
1.788e-05
1.945e-05
2.087e-05
2.217e-05
2.336e-05
2.45e-05
2.5600000000000002e-05
2.668e-05
2.777e-05
2.885e-05
2.9919999999999998e-05
3.1e-05
3.206e-05
3.311e-05
3.4160000000000005e-05
3.52e-05
3.624e-05
3.727e-05
3.83e-05
3.933e-05
4.0350000000000005e-05
4.137e-05
4.239e-05
4.3400000000000005e-05
4.441e-05
4.541e-05
4.6410000000000005e-05
4.741000000000001e-05
