0.0
0.0006095600000000001
0.0012174500000000001
0.0012148200000000001
0.00121203
0.00120907
0.0012059400000000002
0.00120265
0.00119918
0.00119553
0.0011917100000000001
0.0011877
0.00118351
0.00117913
0.00117456
0.00116979
0.0011648300000000002
0.00115966
0.00115429
0.00114872
0.0011429300000000001
0.00113693
0.00113071
0.00112427
0.00111761
0.00111071
0.00110359
0.00109623
0.00108864
0.00108081
0.00107273
0.0010644
0.00105582
0.00104699
0.00103791
0.00102856
0.00101895
0.00100907
0.00099892
0.0009885
0.0009778100000000002
0.0009668300000000001
0.00095558
0.00094404
0.0009322
0.0009200800000000001
0.00090768
0.00089498
0.00088198
0.00086867
0.00085506
0.00084117
0.0008269600000000001
0.00081242
0.00079756
0.0007824399999999999
0.00076701
0.0007512
0.00073506
0.00071864
0.0007019400000000001
0.00068491
0.00066757
0.0006498700000000001
0.00063176
0.0006133
0.00059464
0.0005758100000000001
0.00055654
0.00053674
0.00051663
0.00049635
0.00047567
0.00045446
0.00043303000000000005
0.00041158
0.00038988
0.00036771
0.00034524
0.00032259000000000004
0.00029951
0.00027586
0.00025191000000000005
0.00022779
0.00020334999999999998
0.00017853
0.00015350000000000002
0.0001281
0.00010188
7.52e-05
4.901e-05
2.3149999999999997e-05
-3.5500000000000003e-06
-3.1270000000000004e-05
-5.8840000000000006e-05
-8.6e-05
-0.00011378
-0.00014254
-0.00017151
-0.00020031
-0.00022946000000000002
-0.00025907
-0.00028812
-0.00031627
-0.00034499000000000004
-0.00037525000000000004
-0.00040617
-0.00043731
-0.00046896000000000004
-0.00049956
-0.00052791
-0.00055659
-0.00058844
-0.00062241
-0.00065589
-0.00068821
-0.0007202500000000001
-0.00075208
-0.00078285
-0.0008133600000000001
-0.0008459800000000001
-0.0008806899999999999
-0.0009145399999999999
-0.00094636
-0.00097867
-0.00101286
-0.00104655
-0.00107847
-0.0011109800000000001
-0.00114429
-0.00117641
-0.00120885
-0.0012436600000000002
-0.00127828
-0.00130916
-0.0013385
-0.0013725299999999998
-0.00140937
-0.00143855
-0.0014604300000000002
-0.0014890500000000002
-0.00152834
-0.0015659
-0.00159562
-0.0016256100000000002
-0.00165953
-0.00169075
-0.0017192800000000001
-0.00175347
-0.00179194
-0.00182285
-0.0018434100000000002
-0.00186555
-0.0018972700000000002
-0.0019314100000000002
-0.00196014
-0.00198626
-0.00201275
-0.0020371900000000004
-0.00206156
-0.0020928
-0.0021290799999999998
-0.00215802
-0.00217668
-0.0021988
-0.0022303400000000004
-0.00225981
-0.00228099
-0.00230204
-0.00233017
-0.00236032
-0.00238361
-0.0024017500000000002
-0.00241911
-0.00243036
-0.0024362900000000002
-0.00245223
-0.0024808
-0.00250455
-0.0025182
-0.0025335400000000004
-0.0025524000000000002
-0.00256692
-0.00257907
-0.0025991300000000003
-0.00262519
-0.00263934
-0.00263768
-0.00263925
-0.00265319
-0.00266821
-0.0026750800000000003
-0.00267939
-0.00268928
-0.00269893
-0.0027015200000000002
-0.0027078400000000004
-0.00272275
-0.00272739
-0.00271136
-0.0026900200000000004
-0.00268142
-0.00269368
-0.00272602
-0.00276213
-0.00277344
-0.00274938
-0.0027136700000000005
-0.00269484
-0.0026956999999999997
-0.00269469
-0.0026778600000000002
-0.0026655800000000003
-0.00267393
-0.00267922
-0.0026665
-0.00265436
-0.0026461099999999997
-0.00262604
-0.00260136
-0.00258918
-0.00257689
-0.0025377100000000003
-0.00248257
-0.00245562
-0.00246785
-0.00248351
-0.00248249
-0.00247764
-0.00246057
-0.00240593
-0.00233033
-0.00227785
-0.00225852
-0.00223601
-0.00218639
-0.00214388
-0.0021356
-0.00212763
-0.00209736
-0.0020721700000000003
-0.00205622
-0.0020103
-0.00193014
-0.00186323
-0.0018269199999999999
-0.0017903700000000001
-0.0017536
-0.00174837
-0.0017527400000000002
-0.00171162
-0.0016356200000000002
-0.00157386
-0.00152115
-0.0014541699999999999
-0.0013947699999999998
-0.00136394
-0.00134328
-0.0012997100000000001
-0.00121922
-0.00112515
-0.00104908
-0.00099353
-0.00094803
-0.0009171
-0.00089921
-0.00086195
-0.0007887800000000001
-0.0007176299999999999
-0.0006749
-0.00062745
-0.0005545
-0.00048759
-0.00043499000000000006
-0.00036254
-0.00027901
-0.00023833
-0.00022954
-0.00016993000000000002
-0.00035681
-0.00060496
-0.00063013
-0.00067221
-0.00069707
-0.00071907
-0.00074517
-0.0007551900000000001
-0.00073755
-0.00070538
-0.00068453
-0.0006969200000000001
-0.00073618
-0.0007766299999999999
-0.00079566
-0.0007691099999999999
-0.0007046800000000001
-0.00065899
-0.00066743
-0.0007024900000000001
-0.00071793
-0.0007121800000000001
-0.0007113
-0.00069936
-0.0006644999999999999
-0.0006597899999999999
-0.00070351
-0.00072869
-0.00069667
-0.0006467399999999999
-0.00063097
-0.0006561300000000001
-0.0006844300000000001
-0.00069188
-0.00068669
-0.00067519
-0.0006707299999999999
-0.0006927600000000001
-0.00071856
-0.0007037300000000001
-0.00066527
-0.00066327
-0.0006983
-0.00071518
-0.00070452
-0.0007127899999999999
-0.00074792
-0.00075928
-0.00073
-0.0007149700000000001
-0.00074418
-0.00076194
-0.00072705
-0.0006781700000000001
-0.00065199
-0.00064312
-0.0006578900000000001
-0.00071446
-0.0007773099999999999
-0.00077969
-0.0007298599999999999
-0.00069857
-0.0007044200000000001
-0.00070262
-0.0006805100000000001
-0.0006866700000000001
-0.00073058
-0.00074047
-0.0006907
-0.00066009
-0.0006958499999999999
-0.00073794
-0.0007357900000000001
-0.00072961
-0.0007498000000000001
-0.00074523
-0.0006984700000000001
-0.00068408
-0.00072851
-0.00075944
-0.0007445
-0.00073455
-0.00075291
-0.00076751
-0.0007659100000000001
-0.00076305
-0.00075804
-0.00074335
-0.00072795
-0.0007231200000000001
-0.00072477
-0.0007176299999999999
-0.0007061000000000001
-0.0007209400000000001
-0.0007612900000000001
-0.00078458
-0.0007747300000000001
-0.0007507700000000001
-0.0007245699999999999
-0.00070658
-0.00071061
-0.0007293800000000001
-0.00074015
-0.00072926
-0.00071005
-0.0007115499999999999
-0.00073273
-0.00074195
-0.0007301100000000001
-0.0007332700000000001
-0.00077574
-0.0008134700000000001
-0.0008078200000000001
-0.00079602
-0.0008057499999999999
-0.00080446
-0.0007753699999999999
-0.0007488
-0.00074748
-0.0007506300000000001
-0.0007334100000000001
-0.00071535
-0.00072529
-0.00075195
-0.0007749300000000001
-0.0007997700000000001
-0.00082884
-0.00083538
-0.0007992200000000001
-0.00074354
-0.0007067600000000001
-0.00070536
-0.0007329600000000001
-0.00077391
-0.0008165000000000001
-0.0008336300000000001
-0.0007896200000000001
-0.00071948
-0.0007054
-0.0007530100000000001
-0.00079316
-0.00077734
-0.00072821
-0.00070544
-0.0007231
-0.00075152
-0.00076778
-0.00075517
-0.00072482
-0.0007201200000000001
-0.00074662
-0.0007649499999999999
-0.00076347
-0.00076386
-0.0007686300000000001
-0.00076422
-0.00075433
-0.00075405
-0.00076262
-0.00075919
-0.0007335999999999999
-0.00070531
-0.00069888
-0.0007158
-0.00074154
-0.00077114
-0.0008061699999999999
-0.00083093
-0.00082969
-0.00081896
-0.00081652
-0.00080513
-0.00077472
-0.00075329
-0.00075247
-0.00074116
-0.00071538
-0.0007203800000000001
-0.00076846
-0.00081517
-0.00082637
-0.0008096000000000001
-0.0007831499999999999
-0.0007557
-0.00074296
-0.0007540099999999999
-0.00076181
-0.00074118
-0.00071383
-0.0007138600000000001
-0.0007315199999999999
-0.0007397700000000001
-0.00075449
-0.0007971300000000001
-0.00083462
-0.0008228100000000001
-0.0007738900000000001
-0.0007437100000000001
-0.0007652000000000001
-0.00080596
-0.00081523
-0.0008016
-0.00079875
-0.00080327
-0.0008134700000000001
-0.00083046
-0.00081617
-0.00075347
-0.0007034200000000001
-0.00073119
-0.00080462
-0.0008373800000000001
-0.00082401
-0.00082241
-0.0008208699999999999
-0.00077261
-0.0007301199999999999
-0.00077486
-0.0008591699999999999
-0.00087294
-0.0008140600000000001
-0.00077649
-0.0007923800000000001
-0.00078777
-0.0007325700000000001
-0.0007123100000000001
-0.0007711
-0.0008203100000000001
-0.00078726
-0.0007242899999999999
-0.00070443
-0.0007130200000000001
-0.00070343
-0.0006909
-0.0007113400000000001
-0.00074626
-0.0007653600000000001
-0.00077341
-0.00078111
-0.0007876
-0.0007945000000000001
-0.00081472
-0.00084686
-0.0008529100000000001
-0.00081995
-0.00080192
-0.0008284700000000001
-0.00085669
-0.00085656
-0.0008476400000000001
-0.0008473300000000001
-0.0008491400000000001
-0.0008476499999999999
-0.00084907
-0.00084537
-0.00081433
-0.0007692100000000001
-0.00075639
-0.0007795199999999999
-0.00079579
-0.0007966
-0.00081039
-0.00083416
-0.00083
-0.00079297
-0.00077016
-0.00078426
-0.00080152
-0.00079821
-0.0007904100000000001
-0.0007869600000000001
-0.0007673900000000001
-0.00073786
-0.0007453799999999999
-0.0007918000000000001
-0.00082012
-0.0008035399999999999
-0.0007731000000000001
-0.00076987
-0.0008001999999999999
-0.0008308100000000001
-0.00084211
-0.0008516999999999999
-0.00085892
-0.00084672
-0.00083757
-0.00085673
-0.00087909
-0.00087212
-0.00084274
-0.0008187400000000001
-0.0008058800000000001
-0.00078938
-0.00077859
-0.0007915999999999999
-0.00080885
-0.00080622
-0.00079869
-0.00081625
-0.00085928
-0.0008934
-0.0008913600000000001
-0.00086262
-0.0008295700000000001
-0.00080618
-0.0008154
-0.0008636099999999999
-0.00088928
-0.00084337
-0.00078919
-0.00080365
-0.0008568000000000001
-0.00087833
-0.00086381
-0.00085478
-0.00085826
-0.00084826
-0.0008265200000000001
-0.00080897
-0.00078814
-0.00077302
-0.0007962500000000001
-0.0008470999999999999
-0.00086989
-0.0008393200000000001
-0.0007950400000000001
-0.00077799
-0.00077093
-0.00076281
-0.00079023
-0.00084732
-0.0008612200000000001
-0.0008053299999999999
-0.0007566399999999999
-0.0007820199999999999
-0.0008304300000000001
-0.00083191
-0.00081231
-0.00081005
-0.00079804
-0.0007660400000000001
-0.00076246
-0.0007946100000000001
-0.0008025100000000001
-0.0007714999999999999
-0.00076084
-0.00079089
-0.00080124
-0.0007743899999999999
-0.00078126
-0.00083358
-0.00085058
-0.0008095800000000001
-0.00078155
-0.00080273
-0.0008181099999999999
-0.00079463
-0.00078245
-0.00080817
-0.00082422
-0.0007963800000000001
-0.0007626800000000001
-0.00077614
-0.00081713
-0.0008245500000000001
-0.0008021100000000001
-0.00079702
-0.00079874
-0.0007704400000000001
-0.0007405100000000001
-0.00076155
-0.00081854
-0.0008543299999999999
-0.0008555899999999999
-0.0008488300000000001
-0.0008350100000000001
-0.0008025500000000001
-0.0007774699999999999
-0.00078135
-0.0007859099999999999
-0.00077591
-0.0007849399999999999
-0.00081257
-0.00080457
-0.00076159
-0.00074366
-0.00074803
-0.00072833
-0.0007138400000000001
-0.0007667400000000001
-0.0008577999999999999
-0.00088807
-0.0008298
-0.00077269
-0.00078454
-0.00081828
-0.0008218699999999999
-0.00082506
-0.00085494
-0.00087088
-0.00084576
-0.0008217900000000001
-0.00082699
-0.00082063
-0.00078229
-0.00076556
-0.00079139
-0.00080318
-0.00078675
-0.0007964000000000001
-0.00083658
-0.0008455100000000001
-0.00080926
-0.0007931100000000001
-0.0008277
-0.00085136
-0.0008258699999999999
-0.00080929
-0.0008429399999999999
-0.00087352
-0.0008534600000000001
-0.00082033
-0.00080784
-0.00077706
-0.0007255200000000001
-0.0007409200000000001
-0.00083548
-0.00088475
-0.00083328
-0.0007895199999999999
-0.00083613
-0.0008973000000000001
-0.00088657
-0.00085336
-0.0008676100000000001
-0.0008931400000000001
-0.0008843
-0.00088352
-0.0009278200000000001
-0.00095734
-0.0009125100000000001
-0.00083995
-0.0008097699999999999
-0.00080517
-0.0007844
-0.0007806499999999999
-0.00082691
-0.00085717
-0.0008197
-0.00078613
-0.00082118
-0.00086428
-0.00083529
-0.0007710799999999999
-0.00076833
-0.00082338
-0.0008448700000000001
-0.0008165300000000001
-0.00081023
-0.00085227
-0.00088895
-0.0008755000000000001
-0.00083942
-0.00082566
-0.0008262899999999999
-0.00082842
-0.00084435
-0.00084977
-0.00081456
-0.00078639
-0.00081767
-0.00086195
-0.00085366
-0.00081396
-0.00079509
-0.0008006199999999999
-0.00080525
-0.00079571
-0.0007763900000000001
-0.0007553999999999999
-0.0007416
-0.0007574000000000001
-0.00080511
-0.0008333
-0.00081121
-0.0007886200000000001
-0.00081457
-0.00085694
-0.00086528
-0.0008588500000000001
-0.00087698
-0.00089851
-0.00089005
-0.00087087
-0.00086201
-0.00083964
-0.00079439
-0.00078149
-0.0008476200000000001
-0.00092708
-0.0009138799999999999
-0.00082854
-0.0007802299999999999
-0.0007941199999999999
-0.0008112999999999999
-0.0008163
-0.00083145
-0.00083942
-0.0008268
-0.00082102
-0.0008251300000000001
-0.00081535
-0.0007992
-0.00080481
-0.0008327600000000001
-0.00084511
-0.00082595
-0.00082798
-0.0008797099999999999
-0.00091568
-0.00088957
-0.00085434
-0.00086019
-0.0008735800000000001
-0.00085229
-0.00082286
-0.0008314100000000001
-0.00085882
-0.00084905
-0.00081013
-0.0008033700000000001
-0.00084648
-0.00089803
-0.00091947
-0.00090913
-0.00088101
-0.00085878
-0.00086533
-0.00088106
-0.00087362
-0.00085194
-0.00083942
-0.00083657
-0.00083259
-0.0008329100000000001
-0.00085007
-0.0008631600000000001
-0.00083258
-0.0007818300000000001
-0.00078242
-0.00082065
-0.00081398
-0.0007747800000000001
-0.00079726
-0.00087947
-0.0008966499999999999
-0.0007956100000000001
-0.0006972100000000001
-0.00071601
-0.00079927
-0.0008341800000000001
-0.00080853
-0.0007803100000000001
-0.00076895
-0.00077277
-0.00080883
-0.0008522
-0.00084005
-0.0007850400000000001
-0.00077338
-0.00082049
-0.00084617
-0.0008205900000000001
-0.00080872
-0.00083671
-0.0008357299999999999
-0.00077392
-0.00073418
-0.00077955
-0.0008473500000000001
-0.00085321
-0.00081242
-0.00079553
-0.00080581
-0.00079151
-0.0007652399999999999
-0.0007796799999999999
-0.00080938
-0.0007976
-0.00076828
-0.00076708
-0.0007741099999999999
-0.00077274
-0.00080773
-0.0008805200000000001
-0.0008831
-0.00077583
-0.0007082
-0.00077282
-0.00082771
-0.00076354
-0.00070071
-0.00074807
-0.0008099299999999999
-0.0007700500000000001
-0.0006938999999999999
-0.00070025
-0.00074678
-0.0007330100000000001
-0.00069851
-0.00073005
-0.00079274
-0.00080648
-0.00079051
-0.0008017100000000001
-0.0008160800000000001
-0.0007829
-0.00073181
-0.0007315900000000001
-0.00077514
-0.00079861
-0.0007911799999999999
-0.00078663
-0.0007789699999999999
-0.00075659
-0.0007600800000000001
-0.0007936
-0.00078793
-0.0007336700000000001
-0.00070986
-0.0007445400000000001
-0.00078049
-0.00078146
-0.00077286
-0.0007804800000000001
-0.00079663
-0.0008169200000000001
-0.00084797
-0.0008630500000000001
-0.00081954
-0.00073475
-0.00068729
-0.0007183900000000001
-0.00077457
-0.0007897700000000001
-0.0007681200000000001
-0.00073892
-0.00071252
-0.00070449
-0.00072673
-0.00075399
-0.00074247
-0.00070522
-0.00072466
-0.00080938
-0.00084091
-0.00077364
-0.0007282800000000001
-0.00077947
-0.00082344
-0.00076912
-0.00069523
-0.0006947200000000001
-0.00072948
-0.00073758
-0.0007335999999999999
-0.0007441
-0.0007486900000000001
-0.0007295
-0.00070907
-0.00069988
-0.00068692
-0.00068274
-0.0007116000000000001
-0.00073671
-0.0007022
-0.00064073
-0.00064196
-0.0007107099999999999
-0.0007593400000000001
-0.00074857
-0.00071942
-0.00069657
-0.00067254
-0.0006649199999999999
-0.00069107
-0.00071187
-0.00068492
-0.0006399000000000001
-0.0006278000000000001
-0.00064455
-0.0006726200000000001
-0.00070959
-0.0007281400000000001
-0.0007130200000000001
-0.00068663
-0.0006636200000000001
-0.0006592000000000001
-0.00068669
-0.0007185700000000001
-0.00072279
-0.0007122000000000001
-0.0007082
-0.00069975
-0.00067801
-0.00066831
-0.0006861
-0.0006970300000000001
-0.00067505
-0.0006615999999999999
-0.0006952999999999999
-0.00074058
-0.0007490099999999999
-0.0007255200000000001
-0.0007074
-0.00071144
-0.00071048
-0.0006865300000000001
-0.0006615799999999999
-0.0006392
-0.00061846
-0.0006354500000000001
-0.00068755
-0.00071725
-0.00071127
-0.0007029299999999999
-0.00069302
-0.0006591
-0.00061572
-0.00061964
-0.00069439
-0.00075124
-0.00070093
-0.00062626
-0.0006586200000000001
-0.00074566
-0.00074303
-0.00066427
-0.00063355
-0.00066568
-0.0006781199999999999
-0.00064513
-0.0006147699999999999
-0.00060828
-0.0005999800000000001
-0.00059869
-0.00062712
-0.00063943
-0.00060069
-0.0005703500000000001
-0.0005872000000000001
-0.00060121
-0.00058185
-0.0005715200000000001
-0.00060577
-0.00063965
-0.00060734
-0.00054911
-0.00056559
-0.00063496
-0.0006476
-0.00061234
-0.00061005
-0.0006147
-0.00057988
-0.0005746400000000001
-0.00064504
-0.0006869599999999999
-0.00062874
-0.000574
-0.00059787
-0.00061364
-0.00056636
-0.0005325400000000001
-0.00056466
-0.00060755
-0.0005992
-0.00056862
-0.00058993
-0.00064569
-0.0006389400000000001
-0.00056873
-0.00052663
-0.00053887
-0.0005682899999999999
-0.00059616
-0.00061948
-0.00061907
-0.00057774
-0.0005321
-0.00054239
-0.00059818
-0.00063454
-0.0006371699999999999
-0.00063027
-0.0005974999999999999
-0.00053935
-0.0005262
-0.0005783
-0.00061649
-0.00060667
-0.0006013500000000001
-0.00061536
-0.00061
-0.0005771
-0.00053868
-0.00051467
-0.00052154
-0.00054959
-0.0005627900000000001
-0.0005499
-0.00053882
-0.00055222
-0.00058134
-0.00060247
-0.00058947
-0.00053675
-0.00049393
-0.0005181000000000001
-0.00057355
-0.0005771600000000001
-0.0005429300000000001
-0.00053617
-0.00054241
-0.00052758
-0.00051687
-0.00052368
-0.00051227
-0.00048276
-0.00048701
-0.0005219000000000001
-0.00052626
-0.00049366
-0.00047772000000000005
-0.00049909
-0.0005196900000000001
-0.00051174
-0.00049732
-0.00049329
-0.00048377000000000007
-0.00047083
-0.00047717
-0.0004928500000000001
-0.00049818
-0.00050904
-0.0005294900000000001
-0.00052225
-0.00047522000000000005
-0.00044637999999999996
-0.00047793000000000005
-0.0005067
-0.00047307
-0.00044254
-0.00050332
-0.00063925
-0.00076717
-0.00082112
-0.0007708
-0.0006282200000000001
-0.00048901
-0.00051409
-0.0007809000000000001
-0.00115534
-0.00138388
-0.00131989
-0.0010277
-0.0007195200000000001
-0.0006200800000000001
-0.0008136300000000001
-0.00120845
-0.00164193
-0.0018961700000000002
-0.0016431299999999998
-0.00069853
0.00050272
0.0009948700000000001
0.00017940000000000002
-0.00136403
-0.0021656
-0.00131711
0.00027658
0.00065585
-0.00087275
-0.00284012
-0.0033859000000000003
-0.00218531
-0.00042657000000000003
0.00037656
-0.00051116
-0.00251523
-0.00420404
-0.0045683600000000005
-0.00397341
-0.0037407800000000004
-0.0045991700000000005
-0.0055236
-0.004567760000000001
-0.00124577
0.0023838400000000004
0.00372704
0.0026084800000000003
0.0014127
0.00205672
0.00381388
0.00479367
0.0044545800000000005
0.00362886
0.00300326
0.00269811
0.00284725
0.0036495300000000002
0.004704300000000001
0.00471565
0.00259358
-0.00083111
-0.00293808
-0.00189301
0.000981
0.00201487
-0.0008924700000000001
-0.005597950000000001
-0.008071140000000001
-0.00667206
-0.0029202
0.00060034
0.00208055
0.0018070500000000001
0.00186803
0.00320708
0.00408677
0.00279366
0.00014532
-0.00179735
-0.00214421
-0.00176938
-0.00230215
-0.0047053699999999995
-0.00844104
-0.01173374
-0.012670589999999999
-0.01044846
-0.005956780000000001
-0.00136901
0.00096409
5.7e-05
-0.0025775900000000003
-0.00366562
-0.00069825
0.0057956399999999995
0.01206583
0.013288709999999999
0.00710726
-0.00344954
-0.01087219
-0.00899897
0.00077032
0.009492180000000001
0.008387799999999999
-0.00233432
-0.01328906
-0.01578199
-0.01031336
-0.00404199
-0.0023892
-0.0049342200000000004
-0.0078042
-0.00866896
-0.00912453
-0.01169309
-0.01542636
-0.01630247
-0.01189123
-0.00437712
0.00153472
0.0034272599999999997
0.0032227899999999997
0.00412882
0.00628904
0.00676805
0.00406057
0.00067084
-0.00046039999999999997
-0.00038386999999999997
-0.00243164
-0.007002810000000001
-0.01053841
-0.0097863
-0.00591832
-0.0039365400000000005
-0.007163429999999999
-0.01184588
-0.00969681
0.00188989
0.01492655
0.01928623
0.014026700000000001
0.007555190000000001
0.00739363
0.012210700000000001
0.01492929
0.0117873
0.00601997
0.0030889800000000003
0.00417728
0.00498273
0.00023397999999999998
-0.0107551
-0.02245362
-0.02775251
-0.02519306
-0.02036708
-0.019240820000000002
-0.02173109
-0.02313847
-0.02017849
-0.01326864
-0.00406076
0.00602368
0.01448426
0.01747546
0.01248991
0.00116315
-0.011010660000000002
-0.01785354
-0.01651178
-0.010113700000000002
-0.00626127
-0.011041319999999999
-0.0233179
-0.035120809999999995
-0.039445610000000006
-0.03787297
-0.03752905
-0.04102474
-0.043776520000000006
-0.04091679
-0.03267197
-0.02205882
-0.010020929999999999
0.00402223
0.01692903
0.021570390000000002
0.01443986
0.00180429
-0.00247208
0.0128272
0.04291064000000001
0.06629314
0.06511577
0.04371403
0.02299382
0.02157674
0.04279477
0.07250179
0.08872894
0.07866766
0.04870645
0.01881073
0.006638
0.013987560000000001
0.026366550000000002
0.026532200000000002
0.01071191
-0.00879148
-0.01829184
-0.0163202
-0.011007890000000001
-0.01153011
-0.02567066
-0.05728731
-0.09882377
-0.12885678
-0.12447936000000001
-0.08350679
-0.03498344
-0.01673826
-0.03474519
-0.05351348
-0.036154700000000005
0.01322935
0.057148649999999995
0.06798064000000001
0.05192314
0.03465679
0.03504455
0.051642679999999996
0.06618512
0.05944461000000001
0.028887700000000002
-0.00800611
-0.02933392
-0.02835546
-0.01870566
-0.01959802
-0.03555522
-0.05263991
-0.05279708
-0.030980360000000002
-0.00325743
0.00363645
-0.02071701
-0.05604762
-0.07339004
-0.06786539999999999
-0.05754651
-0.05393299
-0.05031211
-0.040413160000000004
-0.03360982
-0.04439295000000001
-0.07107972
-0.08927729
-0.06928001
-0.0030105300000000004
0.08433536999999999
0.14776098
0.15246066
0.10493713
0.05694732
0.06171258
0.11917852
0.17455433
0.17658234
0.13353187
0.10135068000000001
0.11406119
0.14480943999999998
0.14583909
0.11044793
0.08238271
0.10363314000000001
0.15810757
0.18179461
0.13296885
0.037804660000000004
-0.03473691
-0.03296284
0.03427459
0.10025581000000001
0.09284442000000001
0.00122929
-0.10774053
-0.14963688
-0.09567546
0.014608429999999999
0.10842304999999999
0.12043269000000001
0.03674966
-0.0771156
-0.11537687
-0.0262344
0.13199745999999998
0.24088591
0.23217062
0.13970499
0.04970943
0.0243481
0.06742494
0.13635907
0.18173319
0.18200811000000003
0.14693217
0.10502644
0.09314703
0.13402295
0.21182869000000001
0.28490871
0.32331711
0.32317249
0.29626656
0.25859507000000004
0.2178005
0.1679068
0.11117118
0.07908134
0.10058887000000001
0.1448935
0.13495711
0.040102589999999994
-0.07239312
-0.10374836
-0.03619183
0.04080018
0.030452
-0.05950919
-0.12990852
-0.10617425000000001
-0.00811265
0.08820934
0.11713024000000001
0.06779985
-0.0005135900000000001
-0.01075459
0.04776648
0.11095510000000001
0.11557413000000001
0.07078430000000001
0.045510260000000004
0.07514756
0.11268814
0.10165709
0.05245483
0.01978567
0.051263800000000005
0.16059168
0.29953226
0.36516129
0.28609253
0.11224169
-0.00810331
0.033812470000000004
0.19413534
0.32097401
0.31503004
0.2254365
0.17717419
0.23138454
0.34120743
0.42267975
0.43939903
0.42132713000000005
0.41195037999999995
0.40763092
0.3660677
0.26527939
0.13097699000000002
0.01333913
-0.04530218
-0.018458540000000002
0.10303376
0.26947165
0.3440963
0.21501949
-0.0374097
-0.18862444
-0.11535449
0.09851024000000001
0.2968187
0.38489517
0.34063437999999996
0.21718117
0.14833631
0.24192375
0.44343716
0.5839623300000001
0.56927689
0.45260058999999997
0.33704493999999996
0.2810474
0.27148939
0.23871222
0.15158326
0.09764008
0.16668089
0.27121378
0.21510866
-0.03782307
-0.28458412
-0.3256966
-0.18171520000000002
-0.02685032
-0.010929640000000001
-0.14695786
-0.29758764
-0.31144299000000003
-0.17667850000000002
0.01692514
0.18882612000000001
0.27630323
0.24505486
0.15432146
0.1128989
0.1519276
0.24389054999999998
0.38756165000000004
0.53523529
0.54127995
0.33701061000000004
0.07454184
-0.02507181
0.06728497
0.17592422
0.16066906
0.045943170000000005
-0.09122947999999999
-0.19764135
-0.20971802
-0.10380626
0.04482101
0.16593788
0.26822414
0.33044506
0.26367374000000005
0.06281798000000001
-0.11932018
-0.11872002999999999
0.05219801
0.21237456999999998
0.22504562
0.13294438
0.04421349
-0.01608114
-0.09265945
-0.21144489
-0.32934944000000005
-0.35891151
-0.27963642
-0.21553446
-0.28871561
-0.39173907999999996
-0.3057708
-0.04971867
0.15632463
0.240751
0.30148094000000003
0.34147118
0.27147053
0.14290397000000002
0.12827136
0.27214628
0.44623055
0.5311285800000001
0.49508327
0.33580589000000005
0.08502986
-0.15282135
-0.26134727
-0.22400534
-0.15430683
-0.16249216
-0.19409885
-0.12345332
0.01224105
0.056920979999999996
0.00564553
0.03591158
0.22258659000000003
0.39199238000000003
0.36488724
0.20653215
0.11096102000000001
0.15329968
0.27011517
0.38191704000000004
0.43053223
0.37562622
0.25105511
0.16910194
0.19554449000000002
0.26726889
0.2776457
0.19031082000000002
0.040142819999999996
-0.1090605
-0.18393766
-0.16061045000000002
-0.12557166
-0.20585958000000001
-0.42112026
-0.64823677
-0.72093925
-0.53767242
-0.14477603
0.24593136000000002
0.40848972000000006
0.30282021000000003
0.09777949
0.02762148
0.21608847
0.57176231
0.86267242
0.92605385
0.7674958
0.48043919
0.1782719
-0.00756196
0.00522346
0.14963688
0.25026539
0.16751165
-0.12576702
-0.5404489499999999
-0.90596519
-1.0832309
-1.07876175
-1.00756897
-0.96230019
-0.9741609200000001
-1.03567101
-1.094468
-1.11512672
-1.15567589
-1.25715378
-1.2990509000000001
-1.1040892
-0.67040855
-0.21470144000000002
-0.008630810000000001
-0.21319937
-0.71361931
-1.05323463
-0.8601614399999999
-0.36237083
-0.08402530000000001
-0.17447400999999998
-0.38759563
-0.49099079000000007
-0.45407494
-0.34839516000000004
-0.18579502
0.06751061
0.33593189
0.45399509000000005
0.39315971
0.34310318
0.48113762000000004
0.75643715
1.00313263
1.15031677
1.2209005000000002
1.23497025
1.16840866
0.9896073900000001
0.7718025199999999
0.64997467
0.59181385
0.44342655000000003
0.20867373
-0.0049781
-0.22741455
-0.5373584
-0.8526811200000001
-1.03558388
-1.1083200800000002
-1.1706850400000002
-1.21019676
-1.18181038
-1.15597633
-1.24510345
-1.46551254
-1.70137833
-1.77554321
-1.62079132
-1.3749825999999998
-1.24312164
-1.30786316
-1.49018402
-1.66309784
-1.80320618
-1.9584938
-2.09395386
-2.1526239
-2.20192596
-2.30458527
-2.36281708
-2.29915741
-2.22117844
-2.21006485
-2.1617424
-1.99760483
-1.8087236
-1.69956116
-1.6636181600000002
-1.6303535500000002
-1.5256603999999998
-1.31941864
-1.0818324300000002
-0.9417897000000001
-0.9433566999999999
-0.99472382
-0.99244957
-0.94180557
-0.91430283
-0.9489213599999999
-1.04625549
-1.19078964
-1.33938171
-1.4442569
-1.4874397300000002
-1.4782595800000002
-1.4801412999999999
-1.62838913
-1.98763657
-2.36232986
-2.41868301
-2.0821933
-1.65172852
-1.4358696
-1.4378736900000002
-1.48180435
-1.49943954
-1.54306107
-1.59206085
-1.5297036700000002
-1.30247208
-0.96608963
-0.57208305
-0.11095476
0.42351559000000005
0.98135376
1.4819314600000002
1.8688055399999999
2.1235463
2.26796219
2.40260178
2.65296478
3.0100003099999997
3.32927002
3.5115100100000003
3.56951843
3.53880707
3.44020721
3.3162948599999997
3.2310199
3.22870697
3.31696655
3.4725500499999997
3.6264056399999998
3.68387054
3.6047634900000003
3.42434509
3.19708466
2.96565125
2.77468414
2.67446198
2.69028137
2.79786407
2.95891235
3.1593633999999997
3.3561380000000005
3.44110626
3.31936279
2.97788971
2.4876542699999997
1.9792907700000002
1.58045456
1.34816422
1.2652845000000001
1.2845190400000002
1.3515245100000002
1.39182312
1.31804535
1.07850571
0.69314796
0.27881939
0.01576972
-0.03229265
0.00084493
-0.014479200000000001
-0.06546294999999999
-0.09772368000000001
-0.08851158
-0.01182762
0.15456630000000002
0.36797546
0.53645653
0.62212097
0.66025261
0.67419235
0.6585421800000001
0.61378571
0.49677177
0.19724222000000002
-0.31586283000000004
-0.88992859
-1.35235291
-1.6961344900000002
-1.97895004
-2.12997421
-2.00149979
-1.59723801
-1.14711082
-0.92376862
-1.0346871899999999
-1.38363754
-1.78706619
-2.12215927
-2.34649826
-2.43872772
-2.43259399
-2.45854431
-2.63552124
-2.92381134
-3.15111694
-3.21187836
-3.20560547
-3.2842587300000003
-3.37171082
-3.21035431
-2.6803854400000002
-1.91416428
-1.14949608
-0.56645344
-0.22174595
-0.07037563
-0.00258714
0.10260529
0.28367418
0.47405441000000004
0.60439133
0.69104027
0.8053188299999999
0.98041618
1.16212166
1.23826904
1.12372047
0.8643124400000001
0.6470043200000001
0.6357217000000001
0.79807091
0.93751328
0.88304901
0.62867695
0.31092308
0.07147075
-0.059430170000000004
-0.14727843999999998
-0.24107631999999998
-0.32261478
-0.37146614
-0.41405613
-0.47530499
-0.533941
-0.5563953
-0.52222401
-0.39029148
-0.10517515
0.31528559
0.7367829100000001
1.00250145
1.06579735
0.9992334700000001
0.8802069899999999
0.7136757699999999
0.48712818
0.25832436000000003
0.12256456
0.09453936
0.09654074
0.07418992
0.047214780000000005
0.04622366000000001
0.07494513000000001
0.12526199
0.1814237
0.22746889
0.25747166
0.2527511
0.17638203000000002
0.02586615
-0.14422527000000002
-0.27481787
-0.34331631
-0.35267173999999996
-0.31623533
-0.25849422
-0.20613667
-0.15903615000000002
-0.07732040999999999
0.07955277
0.29924387
0.52364117
0.70326309
0.8176922600000001
0.85833328
0.82545067
0.73669846
0.62435272
0.5251854300000001
0.46343243
0.4344688
0.40754349
0.34457497
0.2237866
0.06291909000000001
-0.061680120000000005
-0.03187316
0.18984295
0.46393288
0.63860275
0.71776764
0.73953438
0.67456665
0.49980075999999996
0.24859287
-0.00515007
-0.22897602
-0.49018420999999995
-0.84275734
-1.19434242
-1.3794430500000001
-1.3494722
-1.22880821
-1.18205391
-1.27193588
-1.4507258600000001
-1.6326144400000002
-1.7450538599999998
-1.7518164100000002
-1.66407532
-1.52576706
-1.38377579
-1.27042587
-1.20563782
-1.20401543
-1.26463074
-1.35662964
-1.4324401900000001
-1.45779846
-1.42716995
-1.3580522199999998
-1.2725535600000002
-1.1808043700000002
-1.07194092
-0.91259941
-0.68922081
-0.45579273000000003
-0.27463112
-0.12759293
0.051817669999999996
0.28643639
0.53135048
0.72800804
0.8656180600000001
0.98601234
1.13385063
1.31110886
1.48356186
1.61807648
1.69861526
1.71653381
1.6689987199999998
1.5661586
1.4317808500000002
1.31460327
1.29576508
1.42550537
1.63199951
1.7708090200000002
1.77290222
1.66376083
1.48334183
1.27358673
1.09172997
0.9574434700000001
0.82060486
0.64522263
0.4790263
0.38994003
0.38987202000000004
0.44539162
0.50976028
0.53735683
0.50133221
0.39527534000000003
0.22072779
-0.00641928
-0.24127365
-0.4163678
-0.47943137999999996
-0.43735085
-0.35770008
-0.311569
-0.30980406
-0.30289925
-0.23802988
-0.10694419
0.053101960000000004
0.19420725000000003
0.28908689
0.32696297
0.29319872
0.17735073
0.0028274100000000003
-0.17486431
-0.31118128
-0.4015707
-0.46036213
-0.49020069
-0.48755844000000004
-0.4558392
-0.3966415
-0.3127013
-0.22867489
-0.18061529
-0.17571131
-0.18545755
-0.18539097000000002
-0.17803053
-0.16730064
-0.13514236000000002
-0.06310833
0.03300761
0.10880629000000001
0.13214304000000002
0.10633618
0.056251670000000004
0.0077922
-0.02015126
-0.0224226
-0.0110468
-0.00065199
0.007549129999999999
0.02023702
0.0379792
0.050987330000000004
0.04824685
0.03448007
0.028923100000000004
0.03682599
0.03508371
-0.00229563
-0.07318076999999999
-0.14895849
-0.20124086
-0.21739582
-0.19478092
-0.14070064000000002
-0.08014886
-0.042346760000000004
-0.03683393
-0.05653544
-0.09713067
-0.15410607
-0.20699045000000002
-0.23542528000000001
-0.25200373
-0.28616684
-0.33664463
-0.37449390000000005
-0.38715294
-0.38740543000000005
-0.38217213
-0.35715255999999995
-0.29730577
-0.20849003
-0.11077321
-0.01941112
0.05964781
0.12733075
0.19633371
0.28203346
0.37136375
0.42137005000000005
0.40704338
0.34980671
0.28819681
0.24196777000000003
0.21096756
0.18785238
0.16351751
0.13430915000000002
0.10696577
0.08317017
0.04110463
-0.04817508
-0.18311937
-0.32470730000000003
-0.42654301
-0.46558563000000003
-0.45385155
-0.42885860000000003
-0.42311382000000003
-0.4382032
-0.45601215000000006
-0.46670933
-0.47013741000000003
-0.45589779
-0.39827923
-0.27928059
-0.11382847
0.05601146
0.18793627000000002
0.25428246000000004
0.2516082
0.21958263
0.2317477
0.33642971000000005
0.50723965
0.66615479
0.7552256800000001
0.7753401200000001
0.7598402400000001
0.73357605
0.7055064400000001
0.68192009
0.6701031500000001
0.67105522
0.67525909
0.66757988
0.636973
0.58436943
0.52279217
0.46703636000000004
0.42432034
0.39756611000000003
0.39124828
0.40535912
0.42380753
0.42098948999999997
0.38977153999999997
0.35055038000000005
0.32200912000000004
0.29974346
0.27229156
0.24031204
0.21530462
0.21094616
0.22875013
0.24420776
0.22508656
0.17372042000000001
0.13007858
0.12302155000000001
0.14058492
0.15312092
0.14170744
0.10366151000000001
0.05326293
0.01633468
0.00841231
0.022493500000000003
0.04401609
0.06254077
0.06319511
0.028454000000000004
-0.03925874
-0.1123856
-0.16512735
-0.19370535
-0.20510408000000002
-0.19957123
-0.1734124
-0.12947093
-0.08157705
-0.046855919999999995
-0.02023118
0.02450396
0.09206122000000001
0.14807821000000002
0.15435332000000002
0.11495507
0.06830084
0.031525120000000004
-0.01204886
-0.07200381
-0.13162965
-0.17293301
-0.19727463
-0.21145264000000003
-0.21524126
-0.21457352000000002
-0.22727385000000003
-0.26221893
-0.30567505
-0.33843390999999995
-0.35622726
-0.36820126000000003
-0.38394901
-0.40343914
-0.41214638000000003
-0.3870982
-0.31613474
-0.20871433
-0.08575540000000001
0.02971662
0.11567368
0.16464114999999999
0.19212817999999998
0.21483892000000002
0.22952955
0.22987564
0.224107
0.21922901
0.20901947
0.18944555000000002
0.17135317
0.16991046999999998
0.18878653
0.21540026
0.22748688000000003
0.21128022999999999
0.17498665
0.13825558
0.11295981
0.09863638
0.08619458
0.056808540000000005
-0.012639210000000001
-0.12642517
-0.25011942000000004
-0.32727760000000006
-0.32942753
-0.28474144
-0.24671673
-0.24215689
-0.25755264
-0.26337231
-0.24163589000000002
-0.1984379
-0.15537839
-0.12572836
-0.10444121
-0.08669292
-0.08191053000000001
-0.09398292
-0.09649265
-0.05188051
0.03742396
0.12000814
0.15226682
0.14430909
0.13620963
0.14885923
0.17637129000000001
0.21271971
0.2587685
0.30047501
0.30483915
0.25342648
0.16917574
0.09866004
0.07041667
0.07313605
0.07262401
0.04790443
0.01176392
-0.00329252
0.01792748
0.05429416
0.07174896
0.057864399999999996
0.02737847
0.00287344
-0.00455801
-0.00424551
-0.019550170000000002
-0.06662173
-0.1402147
-0.22287771
-0.30135572
-0.37112022000000006
-0.430452
-0.47332718
-0.49153252000000003
-0.48859802
-0.48476795000000006
-0.49731457
-0.5213890099999999
-0.5389489
-0.54012238
-0.52988346
-0.51999111
-0.51986008
-0.53335995
-0.55886345
-0.58746933
-0.60483543
-0.60302105
-0.5868550100000001
-0.55976574
-0.51071339
-0.42723754999999997
-0.31651274
-0.20371416
-0.111219
-0.044276260000000005
0.0058144799999999995
0.04891603
0.08364286
0.09753569000000001
0.08647548000000001
0.07177419
0.08627781000000001
0.13994237
0.20783021999999998
0.25579311
0.26684164
0.24197491
0.19481413
0.1480662
0.11850443000000001
0.10386407
0.09397242
0.09098761
0.10559675
0.13396752
0.15662581
0.1660148
0.17656115
0.19824217000000002
0.217283
0.21425638
0.18793484
0.15035441000000002
0.11001872000000001
0.07303476
0.05228974
0.059743130000000005
0.09005205000000001
0.12129174000000001
0.13312484
0.12047946
0.09218484
0.06259921
0.042713060000000004
0.034121410000000005
0.03178774
0.03111958
0.030372979999999997
0.03085574
0.03634814
0.04736957000000001
0.05845322000000001
0.06843864
0.08840831
0.12887532000000002
0.181143
0.22041065
0.22965141
0.21581240000000002
0.19945095
0.19304756
0.19497246000000001
0.19812166
0.19360865000000002
0.17037968
0.12268628
0.058317810000000005
-0.00582368
-0.056346860000000006
-0.08908644
-0.10648329000000001
-0.11654748
-0.13183069
-0.16167853999999998
-0.20340469
-0.24223307
-0.26134314000000003
-0.25496672
-0.23453358000000002
-0.22108234
-0.22689255
-0.24327969
-0.25073053
-0.23991203
-0.2167415
-0.19045383000000002
-0.16546987999999999
-0.14211313
-0.11728811
-0.08735225
-0.05434372
-0.023094769999999997
0.008387829999999999
0.04561718
0.08547356
0.11822563000000001
0.1403271
0.15383866
0.15397904
0.1316617
0.09157624
0.05418618000000001
0.0350284
0.03199534
0.033840089999999996
0.02888658
0.005454489999999999
-0.04153664
-0.10117215
-0.15231474
-0.18041449
-0.18755211
-0.1897596
-0.20340708
-0.22904373
-0.25107216
-0.25587774
-0.24440565
-0.22462017
-0.20001451
-0.17306826
-0.15555138
-0.16306217
-0.19176609
-0.20820599
-0.17907763
-0.11114166000000002
-0.04391971
-0.0034693099999999998
0.01627928
0.02776996
0.03118311
0.028142570000000002
0.03249659
0.055865
0.0947749
0.13877509999999998
0.18049952000000002
0.2147131
0.23940615
0.26069782
0.28770527
0.32148753999999996
0.3542474
0.37750805
0.38508137
0.37063046
0.33316516999999995
0.28628111
0.2499906
0.22881138
0.2071633
0.1711779
0.12819129
0.0995615
0.09632904
0.10445973
0.09665101999999999
0.06084775
0.014884409999999999
-0.008916190000000001
0.0062395
0.044142650000000005
0.06726301999999999
0.0494523
-0.00045261000000000005
-0.04732571
-0.06213652
-0.044771219999999994
-0.015485040000000002
0.008250450000000001
0.01973321
0.01713254
0.004522920000000001
-0.00222756
0.01628053
0.061530470000000004
0.10751839
0.12175754
0.09879874
0.06504282
0.046801079999999995
0.0438691
0.04152129
0.03523289
0.02761355
0.00987587
-0.03294403
-0.0984942
-0.16380472000000001
-0.20843376
-0.23318769
-0.25245159
-0.27344435
-0.2913983
-0.30235703
-0.30795438999999997
-0.30438604
-0.27831717
-0.22456577
-0.16255175000000002
-0.12226532000000001
-0.11658735
-0.13854942
-0.17644737
-0.21448568
-0.22894884000000001
-0.20413946
-0.14887525000000001
-0.08827807
-0.044126120000000005
-0.024733070000000003
-0.02437852
-0.02639039
-0.01098602
0.03168618
0.09154055
0.14443081
0.17468636
0.19127306000000002
0.21510202
0.25154322
0.28324081
0.29017715
0.27023182
0.24048345999999998
0.22392523
0.23195084000000002
0.25326218
0.26294687
0.24551393999999999
0.20266404999999998
0.14040946
0.0627002
-0.0195795
-0.08452982
-0.11217759
-0.10140014000000001
-0.07191217
-0.04941567
-0.046064850000000004
-0.05253291
-0.05119154
-0.03674004
-0.021009069999999998
-0.01808541
-0.026926600000000002
-0.03159919
-0.020945619999999998
-0.00438556
-0.0012922
-0.01562482
-0.03052686
-0.03083671
-0.021841210000000003
-0.0194263
-0.02748899
-0.033743720000000005
-0.027003810000000003
-0.00983288
0.00843866
0.02305833
0.03255502
0.031170399999999997
0.01216267
-0.01768899
-0.03513282
-0.02350161
0.00392499
0.017211360000000002
0.00607461
-0.01152256
-0.015396110000000001
-0.00169123
0.0215352
0.042339589999999996
0.05173941
0.05163213
0.052461339999999995
0.06123552
0.07703577
0.09703124
0.12039106000000001
0.14628945999999998
0.1728137
0.19789009000000002
0.21818636000000002
0.22737089000000002
0.21821574999999999
0.18920053
0.14996351000000002
0.11717095000000001
0.10136599
0.09783211
0.09063325000000001
0.06413061
0.01284238
-0.05430083
-0.11770771000000001
-0.1589791
-0.17350916000000002
-0.17138428000000003
-0.16547749
-0.16212866
-0.16276566
-0.16856069999999998
-0.18249783
-0.20872900000000003
-0.24697578
-0.28703604
-0.31421276
-0.32118671
-0.31062742
-0.28733952
-0.25376661
-0.21385759000000001
-0.1751292
-0.14275613
-0.11423689
-0.08386289
-0.050401980000000006
-0.0151823
0.02599896
0.08134057
0.14929975
0.21170616
0.24801874000000002
0.25430923
0.24319675000000002
0.22966656000000002
0.22193798
0.22071891999999999
0.22003475000000003
0.21044426000000002
0.18826057
0.1609469
0.13625017
0.10995502
0.07614469
0.04339031
0.02381443
0.01041849
-0.016754750000000002
-0.06316292
-0.11390831000000001
-0.15487638
-0.18619669
-0.21342316
-0.23649078
-0.25171532
-0.25649944
-0.24511618
-0.20722054
-0.14244397
-0.07378747
-0.03351269
-0.03193759
-0.04748426
-0.051185650000000006
-0.03428561
-0.00467924
0.0357311
0.09299155
0.16202753
0.22361651999999999
0.26340847
0.28326450000000003
0.29329153
0.30172991
0.31515337
0.33810336999999996
0.36365054999999996
0.37365829
0.35955597
0.33521301000000003
0.31940283
0.31418978
0.31159506000000003
0.31067142000000003
0.31345879
0.31374018
0.30400133
0.28757544
0.27280506
0.25840685
0.23638321
0.20963804
0.19328186
0.19473263
0.20409937
0.20903067
0.20970501
0.21262203
0.21666979000000003
0.21288855
0.19205437
0.14744683
0.07934164
0.0019764300000000004
-0.06338428
-0.10760122000000001
-0.13926538000000002
-0.16915174
-0.19632578
-0.21265175
-0.21734865
-0.22278591
-0.24092873
-0.26443426
-0.27117704
-0.25137497
-0.22018456
-0.19925222
-0.19579411000000002
-0.20384609
-0.21599062
-0.22794363
-0.23728926000000003
-0.24255978
-0.24387596
-0.24207066000000002
-0.23283213
-0.20554991
-0.15745546
-0.10487532
-0.06765382
-0.044969010000000004
-0.01981285
0.014663949999999999
0.04676536
0.06376063
0.06599007
0.060945900000000004
0.05165469
0.03784065
0.025547270000000004
0.02580667
0.04157589
0.0637418
0.08213241
0.09355351
0.09813094
0.09601043000000001
0.08975664
0.08328074
0.07654620000000001
0.06592283
0.05006707
0.031060710000000002
0.010708470000000001
-0.01045424
-0.033334130000000003
-0.06097367
-0.09423453999999999
-0.12763153000000002
-0.15446489
-0.17362331
-0.18772148000000002
-0.19884407
-0.20864363000000002
-0.21640347
-0.21376104
-0.18818880000000002
-0.13720503
-0.07423134
-0.01522834
0.03514685
0.07878606
0.1129126
0.1329833
0.14347129
0.15716117000000002
0.18287806
0.21687735
0.24451104999999998
0.24743584
0.21347263000000002
0.14766959
0.07310689000000001
0.012106710000000001
-0.03338736
-0.07573023
-0.12079068
-0.16415615
-0.20406893
-0.24547178
-0.29054813
-0.33377605000000005
-0.36882702
-0.39688160000000006
-0.42417793000000004
-0.44842896000000004
-0.45224258
-0.42138912
-0.37007206
-0.33461926
-0.33867451000000004
-0.37450821
-0.4169836
-0.44413101
-0.44722385000000003
-0.43483467
-0.42823574000000003
-0.4435033
-0.47589676
-0.50590866
-0.52064064
-0.5244494199999999
-0.52769112
-0.53100254
-0.52368256
-0.49375793
-0.43710606
-0.35884277
-0.27086604999999997
-0.19083809
-0.13794809000000002
-0.12092074
-0.12771212
-0.13102931
-0.10846817
-0.057563069999999994
0.00869218
0.07455468
0.12567655
0.15129792
0.15355211000000002
0.14867515
0.15187646000000002
0.16598122
0.18484671
0.19775433
0.19040728
0.15364664
0.09377527000000001
0.028225760000000003
-0.026529729999999998
-0.05998395000000001
-0.06766142
-0.052061159999999995
-0.02325301
0.0034719100000000004
0.01454266
0.00699898
-0.00932504
-0.02038581
-0.0183946
-0.00372963
0.01958487
0.04679938
0.0727889
0.0932975
0.10781603000000001
0.12168568
0.14267349
0.17183178000000002
0.19976542
0.21624884000000003
0.22114426
0.22144274
0.22237202
0.22791156999999998
0.24277767
0.26372099
0.27517864
0.26378073
0.23303087000000003
0.19800357999999998
0.17036057
0.15190284
0.13844552000000002
0.126053
0.11469811
0.10876772000000001
0.11366635000000001
0.12956932999999998
0.14853608
0.16038586
0.16298843000000002
0.16409797999999998
0.16931879
0.17160482
0.16065580000000002
0.13935179
0.11905849
0.10299874
0.08795213
0.07641837
0.07298344
0.07399449
0.07099733
0.058268240000000006
0.032522630000000004
-0.0064711
-0.05267438000000001
-0.09586679000000001
-0.12627599
-0.13798884
-0.13378321
-0.12578047
-0.1244918
-0.12825812
-0.12969774
-0.12920299999999998
-0.13311820000000002
-0.14107283
-0.14496479
-0.13946037
-0.12611866
-0.10961359
-0.09585602
-0.09026597000000001
-0.09271803
-0.09625836
-0.09302197
-0.08076355
-0.06459430000000001
-0.05361749
-0.05470797
-0.06781325
-0.08574362
-0.09717098
-0.09274145
-0.07387882
-0.05394455
-0.04482748
-0.04474231
-0.04357255
-0.03438945
-0.01370756
0.02318209
0.07811125
0.14250215000000002
0.19986881
0.23776533
0.25671305
0.26802040000000005
0.28473970000000004
0.31347980000000003
0.34966488
0.37985714000000004
0.39287243
0.38845084999999996
0.37389525999999995
0.35747559
0.34754623
0.35057114
0.36441025000000005
0.37763579999999997
0.37960602000000004
0.37029636000000005
0.35925823
0.35441490000000003
0.35223125000000005
0.34226661999999997
0.32133415
0.29754591
0.28006315000000004
0.27021381
0.26183891
0.24613138
0.21912617
0.18695211
0.15866771999999998
0.13401617
0.10482738
0.06688726
0.024367820000000002
-0.015218100000000002
-0.04554568
-0.06350012000000001
-0.07074548
-0.07052815
-0.061069649999999996
-0.03789265
-0.00491443
0.02402472
0.038978280000000004
0.044230099999999994
0.05074555
0.0618328
0.07070438
0.07025929
0.059781259999999996
0.0419128
0.01939931
-0.00379519
-0.02426717
-0.042095570000000006
-0.056636240000000004
-0.06272769
-0.05710957
-0.04465013
-0.033751350000000006
-0.03001051
-0.03600985
-0.05076652
-0.0668035
-0.07235529
-0.05988061
-0.03202543
0.00137838
0.031314959999999996
0.05499594
0.07532787
0.09696744000000002
0.1242951
0.16050858
0.20404091000000002
0.24628177999999998
0.27525669
0.28199112
0.26403608
0.22482887000000001
0.17208347
0.11721092000000001
0.07212138
0.0414821
0.01841804
-0.00889344
-0.046305769999999996
-0.08910819
-0.12547297000000002
-0.14528474
-0.14788812
-0.13913483
-0.12151592000000001
-0.09313432
-0.05666262
-0.02233974
0.00024568
0.00832302
0.0035836600000000002
-0.01024892
-0.027225259999999998
-0.041560490000000005
-0.05169923
-0.06105136
-0.07398172
-0.09003800999999999
-0.10251009
-0.10506453
-0.09987878
-0.09561185
-0.09656957000000001
-0.09780021
-0.09221185999999999
-0.07941301
-0.06574624
-0.058092819999999996
-0.060773400000000005
-0.07634448
-0.10399051000000001
-0.13685917
-0.16552282000000001
-0.18532259
-0.19715048
-0.20068813
-0.19140882
-0.16624941000000001
-0.1287126
-0.08624973000000001
-0.04586626
-0.014819990000000002
-0.0019307900000000002
-0.01226523
-0.03965525
-0.0690418
-0.08917913000000001
-0.10122594
-0.11409504999999999
-0.13427042
-0.16137060000000003
-0.19171734
-0.22424286
-0.26120783
-0.30364059000000004
-0.34960125
-0.39693745
-0.44360542000000003
-0.48550700999999996
-0.51778332
-0.5377127500000001
-0.5438792
-0.53396286
-0.5063988899999999
-0.4647987
-0.41817321999999996
-0.37293278
-0.32576271
-0.27076136
-0.21223092999999998
-0.16128546
-0.12108421
-0.08479344
-0.04796671
-0.01639036
-0.00049191
-0.00377427
-0.01647915
-0.02111105
-0.00674234
0.021983199999999998
0.05100494999999999
0.0694228
0.07584854
0.07676054
0.07802368999999999
0.07598513999999999
0.06201718
0.03673164
0.01051811
-0.01117692
-0.03211439
-0.053823
-0.07047557
-0.07563039
-0.06704108
-0.04720527
-0.02467642
-0.01114902
-0.01196496
-0.02113261
-0.02664046
-0.0186001
0.00569943
0.0416399
0.08136735
0.11630153
0.13832737
0.14625626
0.14987695
0.15993527000000002
0.1761751
0.19008558
0.19473209000000002
0.18852303
0.17425114
0.15701408
0.14016736
0.12243473
0.10065273
0.0746199
0.047345
0.02115492
-0.00510478
-0.035135610000000005
-0.07108392000000001
-0.10985964
-0.1447794
-0.17035507
-0.18355753
-0.18336403
-0.17241413000000003
-0.1567501
-0.14295348000000002
-0.13760228
-0.14601023
-0.16425812
-0.17405659
-0.15544438
-0.10785847999999999
-0.053322560000000005
-0.01721661
-0.00894667
-0.01905529
-0.02783544
-0.01681148
0.01962375
0.06997615
0.11576302000000001
0.14566284
0.15798083999999998
0.15444736
0.13881872
0.11945547
0.1062814
0.10361233
0.10666852
0.10514915000000001
0.09235645999999999
0.07181646
0.05388178
0.04627366
0.04832629
0.05336651
0.05630761
0.058955270000000004
0.06579363
0.07341042
0.06952038
0.047961710000000005
0.01900518
-0.00404101
-0.0237634
-0.05377617
-0.09814116
-0.1455417
-0.18174669000000002
-0.19835688
-0.19037888
-0.15592934
-0.10195563
-0.04369762
0.00603924
0.04488188
0.07696163
0.10405587000000001
0.12215113000000001
0.12624975
0.1176644
0.10341207000000001
0.08781359999999999
0.06829043
0.0402824
0.00478735
-0.02968772
-0.053908569999999996
-0.06642355
-0.07261484
-0.07576928
-0.07346421
-0.06296673
-0.045283790000000004
-0.02212975
0.0075742299999999995
0.04450624
0.08268728
0.11126237
0.12514121
0.12876381
0.12650287000000002
0.11641040999999999
0.09729559
0.07638618
0.06638484
0.07581707
0.10115507
0.12724846
0.13831193
0.13148079
0.11930961
0.11779125000000001
0.13175506
0.15184707
0.16387460999999998
0.15978122
0.14232487000000002
0.12162045
0.10635594
0.09868460000000001
0.09727094
0.10055541
0.1053463
0.1074008
0.10615532999999999
0.10637078000000001
0.11387768
0.12910241
0.14410989000000002
0.14834118000000002
0.13761724
0.1153202
0.08744004000000001
0.05964434
0.0360991
0.017141120000000003
-0.00168173
-0.024788389999999997
-0.048799340000000004
-0.06293565
-0.06007273
-0.043890370000000005
-0.02185877
0.004293770000000001
0.03603048
0.06987737000000001
0.09827537
0.11820658
0.13552341
0.15961065
0.19415213
0.23272566000000003
0.26270788
0.27473925000000005
0.26944649
0.25381439
0.23257971000000002
0.20687803
0.17953571000000002
0.15536207
0.13416173
0.10898088
0.07580871
0.04095197
0.014100490000000002
-0.0032535199999999998
-0.01847425
-0.0372077
-0.05486096
-0.06049591000000001
-0.04863484
-0.025779820000000002
-0.004806810000000001
0.006287740000000001
0.008966110000000001
0.009678520000000001
0.014602710000000001
0.02807196
0.052175440000000003
0.08512406
0.11992531
0.14682158
0.15999111
0.16385471
0.17165318
0.19436813
0.22887218
0.25783639999999997
0.26340738
0.24074987
0.19777348
0.14587535000000001
0.09407348000000001
0.047344
0.00546778
-0.03572049
-0.08036069
-0.12883111
-0.1754517
-0.20938347000000002
-0.22089367
-0.20968513000000003
-0.18709694
-0.16839588
-0.16197836
-0.16554946999999998
-0.17050127
-0.16805805
-0.15412486
-0.13341563
-0.1183892
-0.11929221999999999
-0.13542643000000001
-0.15929992
-0.18600792
-0.21406244000000002
-0.24056665
-0.26001444
-0.26697222
-0.26028509
-0.24516937
-0.22807768
-0.21010366000000003
-0.18833915999999998
-0.16076857
-0.12648477
-0.08444538
-0.03678726
0.00823923
0.0407105
0.05635893
0.05900273
0.05679777
0.05650219
0.06098355
0.06966762
0.07856519
0.08004244999999999
0.06443712
0.02626119
-0.02641101
-0.07137388
-0.08867604999999999
-0.07876241
-0.060276880000000005
-0.05089635000000001
-0.05354305
-0.05850198
-0.05411317
-0.03440162
0.0003796
0.0451254
0.09112022
0.129747
0.15527654
0.16475855
0.16113254999999999
0.15727094
0.16788160000000002
0.19287531000000002
0.2157847
0.22216368
0.21324406
0.19963703
0.18856123
0.18151127
0.18081213000000002
0.19058498000000001
0.20697632
0.21418182000000002
0.19922112
0.16749086
0.13612629
0.11497505000000001
0.1007755
0.08645562
0.06764159
0.0416569
0.00883793
-0.024975040000000004
-0.05339304
-0.07603578
-0.09579378999999999
-0.11191714
-0.12093769
-0.12338806999999999
-0.12462312
-0.12898309
-0.13733545
-0.14969649000000002
-0.16444744
-0.1743079
-0.16966413
-0.14858182
-0.11942124
-0.0918051
-0.06763073
-0.041800430000000006
-0.00983587
0.02687644
0.0639907
0.10005817
0.13518216000000002
0.16460207000000002
0.17999817
0.18015223
0.1755434
0.17767805
0.18658934
0.19256161
0.18761742000000003
0.17188643
0.15035416
0.12649314
0.09926994
0.06581632
0.0268492
-0.01284598
-0.05005508
-0.08460340000000001
-0.11350508
-0.12992996
-0.13158527
-0.12516887000000002
-0.11850327000000001
-0.11155734
-0.09818721
-0.07307061000000001
-0.03474201
0.013510880000000001
0.06301342
0.10323562000000001
0.12842984
0.14061605
0.14697566
0.15491848
0.16680588000000002
0.17726065
0.17829865000000003
0.16864096
0.15422484
0.1394022
0.12307053
0.10291116
0.07825484
0.04932272
0.01635824
-0.02094396
-0.06300292
-0.10826116000000001
-0.15288079
-0.19436918
-0.23432217000000002
-0.27537434
-0.31627583000000004
-0.35161324
-0.37449249
-0.37840088000000005
-0.3607193
-0.32730789000000005
-0.2901269
-0.25773722
-0.23067385
-0.20642410000000003
-0.18445471000000002
-0.16496063
-0.14542076
-0.11999147
-0.08461461999999999
-0.04494799000000001
-0.01477302
-0.00089858
0.00654899
0.022042609999999997
0.04590825
0.06493929
0.07021937
0.06744925
0.06844494
0.077197
0.08757566000000001
0.09269159
0.09243562000000001
0.09110715000000001
0.09072096
0.08956861999999999
0.08698309
0.08640909000000001
0.09161756
0.10078865000000001
0.10641273
0.10184131
0.08728227000000001
0.06872422
0.0510643
0.03318727
0.01125944
-0.01409022
-0.037604160000000005
-0.05637686000000001
-0.07234616
-0.08740679999999999
-0.10093730000000001
-0.11228375
-0.12006543000000001
-0.11908966
-0.10470707000000001
-0.08151985
-0.061827860000000005
-0.05301557
-0.05091759
-0.048144349999999995
-0.044298460000000005
-0.04364544000000001
-0.045835480000000005
-0.04457784
-0.03498288
-0.01746553
0.00479329
0.026845110000000002
0.04095709
0.03993089
0.023088829999999998
-0.00237784
-0.026446800000000003
-0.043159539999999996
-0.05427481000000001
-0.06722044
-0.08817839
-0.11581305
-0.14234007
-0.16029203
-0.16666258
-0.16203522
-0.14953057
-0.13493241
-0.12336126
-0.11381212
-0.10077831
-0.08194651
-0.05976019
-0.035550950000000005
-0.006969530000000001
0.0270651
0.06047653000000001
0.08189603999999999
0.08543373000000001
0.07895596
0.07763799
0.08915072
0.10908316
0.12960570000000002
0.1463064
0.1555862
0.15177649000000001
0.13292312
0.10836395
0.09431517
0.099418
0.11714945
0.13284853
0.13567914
0.12412852
0.10464444
0.08762145
0.08064619
0.08200025999999999
0.08258006
0.0748231
0.05802135
0.03619157
0.01369926
-0.00649336
-0.02249086
-0.03438293
-0.04605048
-0.06325860999999999
-0.08808919
-0.11621342000000001
-0.13939689
-0.149945
-0.14539882
-0.13140359000000001
-0.11853021
-0.11432947
-0.1181161
-0.12287674000000001
-0.12180550000000001
-0.11372808
-0.10284698
-0.09368936
-0.08747847
-0.08382539
-0.08387657000000001
-0.08906726000000001
-0.09640917
-0.09762281
-0.08631194
-0.06591014
-0.04703774
-0.03661463
-0.03308776
-0.031979350000000004
-0.0311524
-0.02995213
-0.0274533
-0.02262777
-0.01470018
-0.00501014
0.00065109
-0.00406007
-0.01812896
-0.033722720000000005
-0.045561939999999995
-0.05496828
-0.06388876
-0.07025035
-0.07245357000000001
-0.07549252000000001
-0.08791491000000001
-0.11156967
-0.13698044
-0.15124335
-0.14916434
-0.13449315
-0.11330662000000001
-0.09112072
-0.07430175
-0.06725917000000001
-0.06667464
-0.06336279
-0.05210745
-0.03658155
-0.02300598
-0.01197967
0.0007940600000000001
0.01722205
0.03328101
0.04332637
0.04534496
0.03956106
0.02477238
0.00121392
-0.02389189
-0.03924289
-0.04002543
-0.0331235
-0.030442809999999997
-0.03825651
-0.05310268
-0.06597204
-0.06891083
-0.05908865
-0.03951264
-0.01631499
0.00539202
0.02264603
0.03266711
0.03267622
0.0232508
0.01063179
0.0028568900000000004
0.0018685
0.00124191
-0.0064618900000000005
-0.02263324
-0.04395330000000001
-0.0661989
-0.08513031
-0.09826619000000002
-0.10718369
-0.11494417000000001
-0.1216658
-0.12495441
-0.12361986
-0.11936624
-0.11522716000000001
-0.11275715
-0.10968321
-0.09895744000000001
-0.07130952
-0.022497029999999998
0.03970691
0.09782523
0.13698396000000002
0.15479612
0.1593916
0.16119324
0.1669964
0.17733063000000002
0.18699591000000002
0.18970627
0.18304962
0.16896545
0.15142687000000002
0.13513282000000001
0.12337289
0.11366663
0.09824302
0.07266446
0.04195111
0.016252430000000002
0.00238063
-0.00074742
-0.0008400199999999999
-0.0055863200000000005
-0.015258370000000002
-0.02282184
-0.02157771
-0.01100619
0.00396446
0.01712763
0.02442981
0.02508549
0.0213584
0.01771654
0.01910669
0.028891990000000003
0.04722898
0.07019742
0.09052345
0.10091583999999999
0.09829075
0.08525542
0.06771992
0.05102714
0.03856579
0.03308595
0.03614439
0.045773549999999996
0.057743390000000006
0.06909943
0.07810875
0.08285970000000001
0.08327382
0.08245034000000001
0.08314503999999999
0.08408334
0.08068175
0.06835136
0.04609728
0.01946499
-0.0005372500000000001
-0.0048809100000000005
0.005117580000000001
0.01781425
0.0211576
0.01249312
-0.00197116
-0.01464082
-0.02001437
-0.013682719999999999
0.00569777
0.03272565
0.05777974
0.07503966000000001
0.08642804999999999
0.09734345
0.11145643
0.1309874
0.15744246
0.18790285
0.2134271
0.22453186
0.21710681999999998
0.19334221
0.16074533
0.13012824
0.10919765000000001
0.09623028
0.0832474
0.06557925
0.04519939
0.025688270000000003
0.00874227
-0.00316806
-0.00556276
0.00258265
0.014494350000000001
0.020201570000000002
0.014558109999999999
-0.00020238
-0.01718362
-0.029046699999999998
-0.03271422
-0.032003580000000004
-0.034047839999999996
-0.041573650000000004
-0.05042607
-0.056283570000000005
-0.06031004
-0.0647301
-0.06695357
-0.06385665
-0.05966724
-0.06367761
-0.07978649
-0.10160259
-0.11872556
-0.12652692000000001
-0.12827908000000002
-0.12798853
-0.12525253
-0.1196571
-0.11513973999999999
-0.11497294999999999
-0.11535643000000001
-0.10849645000000001
-0.09147035
-0.06940836
-0.05019705
-0.03853562
-0.03450299
-0.03392886
-0.02960327
-0.016239
0.0039050800000000004
0.02277745
0.03446192
0.03913046
0.04045257000000001
0.04258799
0.048335670000000004
0.05707564
0.06516708
0.06900785
0.06671453
0.05832806
0.04701668
0.039010090000000004
0.03882615
0.04361257
0.04430341
0.03378221
0.013340510000000002
-0.00932872
-0.02761836
-0.04057769000000001
-0.050713
-0.059710780000000005
-0.06814039000000001
-0.077853
-0.09173325
-0.11020262000000002
-0.12873082
-0.13998391
-0.13979551
-0.13092864
-0.11974085000000001
-0.10976046
-0.09979886
-0.08684692999999999
-0.06897885
-0.04661892
-0.02236761
2.453e-05
0.01541525
0.01762296
0.00483851
-0.01470922
-0.027059820000000002
-0.024564930000000002
-0.011161639999999999
0.00494041
0.01962775
0.031919590000000005
0.03957007
0.04052431
0.03665374
0.03217837
0.029384709999999998
0.027490230000000004
0.024085580000000002
0.017026120000000002
0.006019640000000001
-0.0071448
-0.01906788
-0.0251999
-0.02192278
-0.01018051
0.00341284
0.01119903
0.010747089999999999
0.00523016
-0.00145591
-0.007412330000000001
-0.01131916
-0.01164306
-0.00877995
-0.0063440300000000005
-0.00816643
-0.01430358
-0.02175455
-0.028566750000000002
-0.03483526
-0.04012079
-0.04303142
-0.04402805
-0.04651903
-0.05388147
-0.06548473
-0.07632595
-0.08120193
-0.07877109
-0.07133892
-0.062114789999999996
-0.053699760000000006
-0.04821491
-0.046936109999999996
-0.04892818
-0.050800460000000006
-0.048785850000000006
-0.04144152
-0.03049487
-0.01915234
-0.00922856
0.0004868
0.012164079999999999
0.02467764
0.0339777
0.039851410000000004
0.049285129999999996
0.06893824000000001
0.09531231999999999
0.11657893
0.12489125
0.12350138
0.12021516
0.11726431
0.11087123
0.09887181
0.08499169999999999
0.07520749
0.07180598
0.07148533
0.06832489
0.05862676000000001
0.043732610000000005
0.02818123
0.01497146
0.00356662
-0.00722837
-0.01707571
-0.02686572
-0.04074832
-0.061692830000000004
-0.08664219
-0.10889617
-0.12380464999999999
-0.13053054
-0.13030527
-0.12520412
-0.11803617
-0.11139941
-0.10621197
-0.10165431999999999
-0.09593664
-0.08688056
-0.07378532
-0.05990908
-0.05066122
-0.047404890000000005
-0.0454653
-0.04006341
-0.031761870000000005
-0.02452475
-0.02050008
-0.01836811
-0.01558668
-0.01086101
-0.00502526
-7.108e-05
0.00262471
0.00271034
0.00033805
-0.0034809600000000004
-0.0066639
-0.00798546
-0.00955597
-0.01587211
-0.028999570000000002
-0.04468026
-0.054807810000000005
-0.054978429999999995
-0.048017960000000005
-0.038827150000000005
-0.028388270000000004
-0.01527967
-0.0006351999999999999
0.0122588
0.02265709
0.033487420000000004
0.04744226000000001
0.06316451
0.0754091
0.07907318
0.07359182
0.06402813
0.05812126
0.061090410000000005
0.07250023
0.08884695000000001
0.10828886000000001
0.1306186
0.15351183000000002
0.17211584
0.18364532
0.19116844
0.20093094
0.21536415000000003
0.23003942
0.23805172
0.23620838
0.22610662
0.21013033
0.18878794
0.16327476999999999
0.13877676
0.12202761000000001
0.11397995
0.10627838
0.0888217
0.06217491
0.03854269
0.02829017
0.029318860000000002
0.03184531
0.029748760000000003
0.0238557
0.01660979
0.00863993
0.00124372
-0.00205441
0.00117164
0.00888615
0.01561905
0.016740420000000002
0.012050670000000001
0.00554855
0.00193653
0.00308992
0.00697379
0.009353160000000001
0.0065566700000000006
-0.00217119
-0.013287450000000001
-0.02069678
-0.02098006
-0.01682784
-0.01403298
-0.0154249
-0.01956848
-0.02515692
-0.033511940000000004
-0.04546283
-0.05841316
-0.06885041
-0.0766155
-0.08451509
-0.09385846
-0.10180353
-0.10346901000000001
-0.09686866000000001
-0.0863403
-0.08003445
-0.08243413000000001
-0.09021776
-0.09652229999999999
-0.09727575999999999
-0.09219388
-0.08326969999999999
-0.07527669000000001
-0.07418548000000001
-0.08075312
-0.08789598
-0.08759114
-0.07791593
-0.0622961
-0.04616766
-0.03517409
-0.03269825
-0.037719380000000004
-0.04618695
-0.05461668000000001
-0.06130222
-0.06447827
-0.06270711000000001
-0.05836288
-0.05703985
-0.061405310000000005
-0.06791336
-0.07082505
-0.06795543000000001
-0.06139537
-0.05396424
-0.04698433
-0.04059943
-0.03420365
-0.02690986
-0.01799634
-0.00638825
0.00885583
0.025699390000000003
0.03819301
0.04114998
0.035334620000000004
0.025845310000000003
0.01667579
0.00943165
0.00498408
0.00267833
1.28e-06
-0.00360618
-0.00514243
-0.0030750300000000003
-1.93e-06
0.00288244
0.00922647
0.021619069999999997
0.03626406
0.04730131
0.05313185
0.055024870000000004
0.053251410000000006
0.04889223
0.04618044
0.04817719
0.05151092
0.04907479000000001
0.037715820000000004
0.0213417
0.00694408
-0.00099135
-0.00261988
-0.00115087
3.723e-05
-0.0005147800000000001
-0.00191061
-0.0017385999999999999
0.00231315
0.011086700000000001
0.023809030000000002
0.03815939
0.050766320000000004
0.058745120000000005
0.06055722
0.05645638
0.04914496
0.04266125
0.03980472
0.04065738
0.04257429
0.04143478
0.03434305
0.021467399999999998
0.00502741
-0.01255346
-0.02892555
-0.041343819999999996
-0.047835970000000005
-0.0499573
-0.05298768
-0.060826029999999996
-0.07086765
-0.07605002
-0.071795
-0.05937956
-0.043272990000000004
-0.027474820000000004
-0.01448148
-0.00543775
0.00019754
0.00489406
0.01223239
0.02437938
0.03920079
0.050664999999999995
0.0529774
0.04422745
0.02690969
0.00654732
-0.01026556
-0.01887706
-0.01988655
-0.01890898
-0.02142704
-0.02794452
-0.03441711
-0.036337600000000005
-0.03214944
-0.023799610000000002
-0.0147308
-0.00778545
-0.00475594
-0.00591831
-0.00891469
-0.00972286
-0.006043570000000001
0.00038745
0.00448051
0.00086565
-0.011894070000000001
-0.02945535
-0.045432379999999994
-0.056967470000000006
-0.06549484
-0.07370941
-0.08399637
-0.09760593000000001
-0.11242218
-0.12335205
-0.12727080000000002
-0.12565894
-0.12091709
-0.11296876
-0.10111004
-0.08645419
-0.07067118
-0.053893060000000007
-0.035332970000000005
-0.01534683
0.00368575
0.01859734
0.028277
0.03506828
0.04231892
0.050936709999999996
0.05921773
0.06584207
0.07179102999999999
0.0783057
0.08388919
0.08505538
0.08031199000000001
0.07235471
0.06529363
0.06003298
0.053825130000000006
0.04466951
0.03467874
0.02803042
0.02634335
0.0275704
0.02951298
0.03248188
0.037346170000000005
0.042965609999999994
0.04784982
0.05328163
0.062189350000000004
0.07469503
0.08709022
0.09649631
0.10458784
0.11493738
0.12806892
0.14057778
0.14838333
0.15007744
0.14723418000000002
0.14198183
0.13547514
0.12919743
0.12599714
0.12794276999999998
0.13324705
0.13667042000000001
0.13395182
0.12578089
0.11703576
0.11203620000000002
0.11044520000000001
0.10806599
0.10210461000000001
0.09464639999999999
0.08962360000000001
0.08769349
0.08625769
0.08375202
0.0814453
0.08080893
0.08148777000000001
0.08249622000000001
0.08335423
0.08379003000000002
0.08379307000000001
0.08358608000000001
0.08306757
0.08214496
0.08093095
0.07887709
0.07548228
0.07142427999999999
0.06714185
0.06281759
0.05884466
0.05215483
0.03938668
0.0270494
0.024327230000000002
0.02636126
0.02270958
0.01557579
0.010656319999999999
0.00373449
-0.00693221
-0.01337295
-0.01246489
-0.009643770000000001
-0.00693482
-0.00221688
0.0010802399999999999
-0.0038654
-0.014821500000000001
-0.021112860000000004
-0.01806986
-0.01112513
-0.005733380000000001
-0.0030917
-0.005298300000000001
-0.01510559
-0.02923088
-0.0394031
-0.04245711
-0.04398594
-0.04971183
-0.05793577
-0.06409036
-0.06860417
-0.07377496
-0.07602267
-0.06978754000000001
-0.057869859999999995
-0.0506225
-0.05351116
-0.05940712000000001
-0.05683952
-0.0439136
-0.02920922
-0.020836760000000003
-0.01996504
-0.02414901
-0.03146448
-0.03922752
-0.04303476
-0.040735440000000005
-0.03484652
-0.03004914
-0.03057572
-0.03819333
-0.05011622
-0.06092758
-0.06799578
-0.07251176000000001
-0.07505857
-0.07486818
-0.07386266
-0.07568195
-0.08020698
-0.08401861000000001
-0.08547153
-0.08551342
-0.08537367
-0.08573817
-0.08708693
-0.08994924
-0.09444929
-0.09998966
-0.10552336000000001
-0.10941462
-0.10976086
-0.10551705
-0.09751457000000001
-0.08908745
-0.08433694
-0.08397629000000001
-0.08382018000000001
-0.07899740000000001
-0.06955985
-0.06034519000000001
-0.055130990000000005
-0.05304566
-0.051382050000000005
-0.04995658
-0.05064494
-0.05331348
-0.055346469999999995
-0.055365010000000006
-0.054284549999999994
-0.05253131
-0.048588769999999996
-0.04073242
-0.02949374
-0.01800914
-0.00939187
-0.00425559
-0.00154671
-0.00045114000000000005
-0.00087118
-0.00343263
-0.00904787
-0.01777795
-0.02833789
-0.03888776
-0.048289530000000004
-0.05644507
-0.06357246
-0.06960249
-0.07430519000000001
-0.07795675
-0.08130449000000001
-0.08390513000000001
-0.08380612
-0.08053576
-0.07612596
-0.07199557000000001
-0.06797964000000001
-0.06428133
-0.06084623
-0.05582236
-0.04745510000000001
-0.03576669
-0.021054279999999998
-0.0037608000000000003
0.01354806
0.027305450000000002
0.03625579
0.04174403
0.04593759000000001
0.0509203
0.057559610000000004
0.06436369
0.06849899
0.06770721
0.06082285
0.04797048
0.03121571
0.013900850000000001
-0.00093397
-0.01143529
-0.01787203
-0.022771200000000002
-0.02824122
-0.03320142
-0.03448019
-0.030383920000000002
-0.02240312
-0.01369162
-0.00655489
-0.0010232800000000001
0.00464711
0.01171579
0.01979539
0.028164090000000003
0.03596992
0.040685469999999994
0.0393073
0.03185474
0.021593360000000002
0.01197567
0.00516358
0.0022795199999999997
0.0025253100000000002
0.0027110600000000004
-0.00036638999999999997
-0.00709969
-0.014869060000000002
-0.02001363
-0.02024255
-0.01622532
-0.01162377
-0.011088659999999998
-0.01699973
-0.02789383
-0.039704989999999996
-0.0479773
-0.05036187
-0.04846797
-0.04634245
-0.04620667
-0.046291399999999996
-0.04323734
-0.03605856
-0.02707533
-0.0191333
-0.013304020000000001
-0.00966386
-0.00795393
-0.006291280000000001
-0.00185433
0.005675329999999999
0.013313690000000001
0.01798985
0.01911811
0.018201750000000003
0.01735493
0.01830081
0.0213474
0.02470145
0.025696490000000002
0.02282009
0.01628829
0.00759233
-0.0012379
-0.00883168
-0.015004850000000002
-0.019678
-0.021950789999999998
-0.020893619999999998
-0.01658191
-0.010124290000000001
-0.00340907
0.00148784
0.003826
0.00534042
0.00892249
0.015616300000000001
0.02331926
0.0285846
0.029411800000000002
0.02621372
0.02043899
0.013378220000000001
0.00679159
0.00291812
0.00198356
0.00030805
-0.00721674
-0.02220021
-0.041006549999999996
-0.05770224
-0.06799196
-0.07099709
-0.06865183
-0.06403532
-0.060017600000000004
-0.058532390000000004
-0.060088609999999994
-0.06337543
-0.0653502
-0.0628254
-0.05535939
-0.0462367
-0.03960104
-0.03707594
-0.0373848
-0.037983760000000005
-0.03644257
-0.03126687
-0.02273027
-0.01332171
-0.006609770000000001
-0.00479375
-0.00737864
-0.012211270000000001
-0.01722753
-0.021307939999999997
-0.02417592
-0.02561853
-0.024745390000000003
-0.02042261
-0.01248098
-0.001904
0.01012122
0.02260014
0.034291630000000003
0.0439621
0.0515426
0.058287870000000006
0.06536153
0.07293313
0.08063444
0.08769188
0.09274763
0.09490243
0.09458671
0.09253668
0.08907842
0.08530072000000001
0.08358608000000001
0.08574501
0.09091846
0.09612697
0.09904231
0.099556
0.09866689
0.09701892000000001
0.09486763
0.09249387
0.08983907000000001
0.08600435
0.08011494000000001
0.07276189
0.06557499
0.059358009999999996
0.053647890000000004
0.04809107
0.04303572
0.03837406
0.03304225
0.02652666
0.02006739
0.01533746
0.012243869999999999
0.009246450000000002
0.00580702
0.00284882
0.00038849
-0.00327853
-0.00913431
-0.01626185
-0.024023850000000003
-0.032947989999999996
-0.042306489999999995
-0.0491199
-0.05084468
-0.04766304
-0.04163916
-0.0350542
-0.029683570000000003
-0.02596262
-0.022548119999999998
-0.01805939
-0.01319968
-0.009863990000000001
-0.00868063
-0.00905013
-0.010928199999999999
-0.01453064
-0.01846752
-0.02034556
-0.01973514
-0.01865175
-0.0183785
-0.01756743
-0.014460980000000002
-0.00947608
-0.0045124100000000006
-0.00114507
-0.00042967
-0.00271055
-0.006296650000000001
-0.00762451
-0.00419239
0.0030577300000000003
0.010992219999999999
0.017113609999999998
0.02046361
0.02091264
0.0187205
0.01452882
0.00929561
0.004049420000000001
-0.00074028
-0.00579774
-0.0126052
-0.0219235
-0.03238885
-0.040427080000000004
-0.04235326
-0.037096040000000004
-0.02671045
-0.01455314
-0.0030069000000000003
0.00744343
0.01701959
0.02546541
0.03300019
0.04106189
0.05053712
0.060291300000000006
0.06850534
0.0742795
0.07709943
0.07610727
0.07105924
0.06327289
0.05498288
0.04799644
0.042762520000000005
0.03843632
0.033963850000000004
0.02904822
0.02405453
0.01940642
0.01556714
0.013541049999999999
0.01449501
0.01800231
0.02124416
0.02140738
0.01851786
0.01430818
0.00924513
0.0030253400000000005
-0.0030891000000000004
-0.0072139
-0.00931923
-0.01061477
-0.011540809999999999
-0.01218161
-0.01362414
-0.017011210000000002
-0.02158913
-0.025153270000000002
-0.02633608
-0.02566571
-0.02476102
-0.025088100000000002
-0.02718507
-0.030353170000000002
-0.03274756
-0.03217516
-0.02750559
-0.01960656
-0.01078452
-0.0032336599999999997
0.00207522
0.00545882
0.007941479999999999
0.0105972
0.01411363
0.01870973
0.024248750000000003
0.030167760000000002
0.03566262
0.04049671
0.04510373
0.04922606
0.050990310000000004
0.04843981000000001
0.0422224
0.035697730000000004
0.03164732
0.02975564
0.028074870000000002
0.02565358
0.02220178
0.01649817
0.00761486
-0.00285586
-0.0118195
-0.01725291
-0.01879961
-0.01742665
-0.01534239
-0.01485578
-0.01681622
-0.02088651
-0.026854170000000004
-0.03436856
-0.041886910000000006
-0.04775941
-0.05218478
-0.056500760000000004
-0.06103465
-0.06466399
-0.06579487
-0.0634913
-0.058161620000000004
-0.05116586
-0.04417212
-0.03922526
-0.038032659999999996
-0.040116759999999994
-0.043141780000000005
-0.04587262
-0.04901833
-0.05283804
-0.05622272
-0.058762150000000006
-0.061596450000000004
-0.06501149
-0.06692817
-0.06530756
-0.06038712
-0.05317185000000001
-0.043706810000000006
-0.03234396
-0.021010209999999998
-0.01170288
-0.00478537
0.00042294
0.00458052
0.008276130000000001
0.01189018
0.01534683
0.01849238
0.020903520000000002
0.02087218
0.016377060000000002
0.00800684
-0.00090439
-0.007567669999999999
-0.01161059
-0.01407476
-0.01612241
-0.01826284
-0.0198147
-0.01956975
-0.017306850000000002
-0.01372549
-0.00849729
-6.73e-05
0.011281399999999999
0.0219902
0.02845049
0.03020275
0.02920842
0.02756484
0.02635351
0.02537768
0.023641070000000004
0.02027563
0.01435555
0.00431367
-0.01053186
-0.027764880000000002
-0.042951300000000005
-0.05325255
-0.05869718
-0.06053989
-0.060618
-0.061471780000000004
-0.06423053000000001
-0.06683914
-0.06640443
-0.0624103
-0.05616132000000001
-0.048318589999999995
-0.03862241
-0.02729618
-0.015210920000000001
-0.00288309
0.00964685
0.02216111
0.034240070000000004
0.04535158
0.05432183
0.05977475
0.06182195
0.062117860000000004
0.06147784
0.05842218
0.05105356
0.0397669
0.02705971
0.01510452
0.0046333
-0.0038986900000000002
-0.00967516
-0.01296107
-0.01584476
-0.02043247
-0.02696386
-0.03395311
-0.039415809999999996
-0.04207301
-0.042179219999999996
-0.041063840000000004
-0.039586380000000004
-0.03758128
-0.03467733
-0.03038942
-0.02343121
-0.01290592
-0.0007972799999999999
0.00862473
0.012904500000000001
0.01370325
0.01454625
0.01752815
0.022518859999999998
0.028346700000000002
0.03405148
0.0393829
0.04447605
0.049257220000000004
0.05384732
0.05935818
0.06674639
0.07473671999999999
0.0803074
0.08163204
0.07968531
0.07670841
0.07403878
0.07176238
0.06960018
0.06762997999999999
0.06618288
0.06492945
0.06260661
0.05866835
0.054843409999999995
0.053683480000000006
0.05535863
0.05686061
0.054963240000000003
0.04951883
0.04312055
0.03789637
0.033715470000000004
0.02946494
0.02503615
0.02146254
0.019279960000000002
0.01772127
0.01619671
0.01542022
0.016088210000000002
0.01776514
0.019959960000000002
0.023028569999999998
0.02737971
0.03261845
0.03761818
0.040945539999999996
0.04164259000000001
0.04016372
0.03814829
0.03704709
0.03730825
0.03867791
0.04052897
0.0418725
0.04212931
0.04240465
0.04505585
0.051365100000000004
0.060252
0.06951319
0.07758717
0.08406243000000001
0.08932174
0.09389763000000001
0.09761562
0.0992301
0.09764483
0.09382635
0.09053316
0.08953926
0.08973523
0.08832330000000001
0.08360055
0.07635418
0.06853611
0.06113794000000001
0.05412176
0.04787889
0.04330320000000001
0.040247130000000006
0.03696795
0.03165636
0.024238339999999997
0.01632326
0.00947913
0.00392622
-0.0012556300000000002
-0.0072485200000000005
-0.01483498
-0.0241505
-0.03481523
-0.04589157
-0.05555465
-0.06179016
-0.06418395
-0.06424633
-0.06331551
-0.06093175
-0.05591054
-0.04823499
-0.03917119
-0.03015282
-0.022202839999999998
-0.01594883
-0.011656280000000002
-0.00927067
-0.00836027
-0.008061800000000001
-0.00753953
-0.00667975
-0.005773779999999999
-0.00438878
-0.0016573199999999999
0.0021720700000000003
0.00577433
0.00818287
0.00903408
0.00794236
0.00491962
0.0010625600000000002
-0.00225047
-0.0045130100000000005
-0.00588873
-0.00684164
-0.008381910000000001
-0.01135558
-0.01515992
-0.01824488
-0.01995731
-0.02103347
-0.02245716
-0.02488258
-0.02896886
-0.03501657
-0.042090220000000005
-0.048479760000000004
-0.05372217
-0.05961835
-0.06838467
-0.08008518
-0.09247438000000001
-0.1029807
-0.11009667000000001
-0.11319499000000001
-0.11234291
-0.10870731
-0.10445414
-0.10157321
-0.10025107
-0.09859164
-0.09459543999999999
-0.08818122
-0.08084197
-0.07369192000000001
-0.06644087
-0.058383630000000006
-0.04976835
-0.04163872
-0.03456896
-0.02790937
-0.02049749
-0.01242165
-0.005897
-0.0036346
-0.00606416
-0.010848700000000001
-0.015488660000000001
-0.01961332
-0.02449584
-0.03139128
-0.04063246
-0.05133497
-0.06156151000000001
-0.06945944
-0.07466166
-0.07835224
-0.08210865
-0.08680829
-0.09194704
-0.09583962
-0.09723715000000001
-0.09677962000000001
-0.09645088
-0.097714
-0.10018404
-0.10194085
-0.10099564000000001
-0.09637317
-0.08829312
-0.07782267
-0.06608474
-0.05358883
-0.040199170000000006
-0.02542667
-0.00916561
0.007313190000000001
0.02159557
0.031850619999999996
0.03797134
0.04075414
0.04059999
0.03766721
0.03299158
0.028695870000000002
0.026538560000000003
0.0263573
0.0265923
0.0261241
0.02476693
0.0225598
0.01972915
0.01701329
0.015243910000000001
0.014525030000000001
0.01384792
0.01173705
0.007642830000000001
0.0026248300000000003
-0.0013787299999999999
-0.0027845500000000002
-0.00109638
0.0028133200000000002
0.00657752
0.00745831
0.00484079
0.0008273999999999999
-0.00224412
-0.0035449799999999997
-0.00301213
-0.0008848100000000001
0.00172509
0.003589
0.00490674
0.00668215
0.00877072
0.00979456
0.00853988
0.00461267
-0.0014662
-0.00815483
-0.013445190000000001
-0.0157898
-0.014668110000000002
-0.01090636
-0.00625089
-0.0019528400000000002
0.0017649400000000002
0.00451277
0.00532396
0.00420755
0.0028073
0.00271346
0.0041761
0.00676431
0.01002251
0.01339032
0.0166165
0.02010522
0.02410168
0.02823552
0.0325478
0.03778452
0.043832209999999996
0.04916181
0.05270987
0.05504395
0.05698752
0.05865042
0.06037877
0.06286548
0.06567705
0.06710766
0.06604292
0.06306374000000001
0.05949319
0.05615585000000001
0.053281840000000004
0.05089282
0.04859816
0.045125120000000005
0.03895138
0.029982980000000003
0.02007716
0.01139781
0.00457453
-0.00136943
-0.007646190000000001
-0.01442528
-0.02081102
-0.025839710000000002
-0.029062730000000002
-0.03027125
-0.02966904
-0.02853588
-0.028346390000000003
-0.02890158
-0.028726440000000002
-0.02691719
-0.02301439
-0.016459520000000002
-0.0080729
-0.00028680000000000003
0.00565034
0.01080606
0.016114550000000002
0.021178750000000003
0.02603005
0.03128049
0.0361185
0.03894025
0.03994429
0.0407191
0.04156275
0.040920500000000005
0.03747172
0.03185566
0.026024440000000003
0.0215445
0.01933466
0.020324719999999998
0.02471537
0.030846650000000003
0.03618232
0.039332400000000003
0.04069652
0.041694760000000004
0.04372196
0.04720985
0.05094302
0.05254405
0.05037154
0.044996299999999996
0.03864447
0.03346195
0.03015819
0.0276883
0.02438521
0.01965664
0.01432688
0.00985333
0.00774315
0.00874328
0.0116933
0.0140598
0.01455968
0.01441008
0.015185120000000002
0.01646753
0.01667855
0.01549169
0.014075820000000001
0.01330901
0.01326976
0.0142821
0.016739610000000002
0.01979137
0.02190323
0.02564436
0.02912493
0.02999754
0.03074693
0.031312730000000004
0.03148302
0.030576660000000002
0.02857865
0.02651525
0.02485925
0.02271663
0.01943614
0.01580737
0.012999860000000002
0.01131259
0.01028012
0.00922527
0.0074931400000000006
0.00469328
0.0009001
-0.00353995
-0.0083722
-0.013531439999999999
-0.018650279999999998
-0.02266119
-0.024728840000000002
-0.025481959999999998
-0.02627804
-0.02730806
-0.02758273
-0.02667784
-0.025127890000000003
-0.02338562
-0.02187442
-0.021549489999999998
-0.02299054
-0.02549578
-0.028029670000000003
-0.03042347
-0.03306817
-0.03600104
-0.03895708
-0.04211429
-0.04572474
-0.04882207
-0.04958867
-0.04737113
-0.04337794
-0.039308459999999996
-0.035883120000000004
-0.03256225
-0.02836613
-0.02310484
-0.01784179
-0.01389243
-0.011514610000000002
-0.01022813
-0.01026934
-0.0123955
-0.01590034
-0.018482190000000003
-0.0189772
-0.01875994
-0.01952314
-0.02113476
-0.02274922
-0.02455758
-0.0268784
-0.0285895
-0.028086730000000004
-0.025110280000000002
-0.02054798
-0.01522656
-0.00962938
-0.00397768
0.00190412
0.00805467
0.01359669
0.01725563
0.018641650000000003
0.01854091
0.01802595
0.01751622
0.01666206
0.01493906
0.01215747
0.00851595
0.00457091
0.00110272
-0.00143631
-0.00329404
-0.00503641
-0.00702812
-0.00939284
-0.01210369
-0.0148054
-0.01681832
-0.01766629
-0.01739645
-0.01623732
-0.014283200000000001
-0.011631039999999999
-0.00860849
-0.00578105
-0.0036898900000000004
-0.0024446000000000003
-0.0015461700000000001
-0.00029859
0.0015361
0.00367397
0.00569648
0.007065050000000001
0.00716739
0.00610178
0.005074260000000001
0.00529558
0.00678682
0.00869366
0.010196940000000002
0.010740689999999999
0.010038370000000001
0.00833774
0.006418
0.00510664
0.00475787
0.005059
0.00525544
0.004670710000000001
0.00319915
0.00138038
-3.7919999999999996e-05
-0.00062462
-0.00042926
0.00014577
0.00052939
0.00029037
-0.00050228
-0.0013117699999999999
-0.0015829199999999998
-0.00110666
-9.274e-05
0.0009607499999999999
0.00159609
0.0017166400000000002
0.00154963
0.0013636000000000002
0.00131558
0.0014395900000000001
0.00163253
0.00170968
0.00156258
0.00123846
0.00085486
0.00048984
0.00015224
-0.00019344000000000002
-0.00056255
-0.0008862599999999999
-0.00106566
-0.0011179200000000001
-0.00119395
-0.00141281
-0.00173111
-0.00200116
-0.00211625
-0.00207381
-0.0019456200000000001
-0.00182832
-0.00178716
-0.0018091
-0.00181732
-0.0017414800000000001
-0.0015702
-0.0013425400000000001
-0.00111181
-0.00092537
-0.0008147
-0.00077863
-0.00077649
-0.0007545399999999999
-0.0006898
-0.0006059500000000001
-0.00054378
-0.00052109
-0.0005235200000000001
-0.0005294200000000001
-0.00053586
-0.0005561300000000001
-0.00059816
-0.00065783
-0.00073131
-0.00081728
-0.00090447
-0.0009747400000000001
-0.00102593
-0.0010763699999999999
-0.00113985
-0.00120816
-0.0012631200000000002
-0.00129705
-0.0013180700000000002
-0.0013391700000000002
-0.0013648199999999999
-0.00138817
-0.00140102
-0.0014040300000000001
-0.00140343
-0.00140134
-0.00139689
-0.00139359
-0.00139814
-0.0014124600000000001
-0.00143199
-0.00145144
-0.0014693899999999999
-0.0014873800000000002
-0.0015069
-0.00152778
-0.00154857
-0.00156802
-0.0015859300000000002
-0.0016024
-0.00161756
-0.00163189
-0.00164628
-0.0016613700000000001
-0.0016771400000000001
-0.0016930500000000002
-0.00170844
-0.00172298
-0.00173672
-0.00174983
-0.00176259
-0.0017754300000000002
-0.00178864
-0.0018022
-0.00181581
-0.0018292500000000001
-0.0018425
-0.0018556400000000002
-0.0018687500000000002
-0.00188174
-0.00189445
-0.00190683
-0.00191891
-0.0019307600000000001
-0.00194241
-0.00195381
-0.0019649
-0.00197565
-0.0019860800000000003
-0.00199622
-0.0020061000000000002
-0.00201571
-0.00202504
-0.00203408
-0.00204283
-0.00205129
-0.00205947
-0.00206736
-0.0020749600000000003
-0.00208229
-0.00208932
-0.00209607
-0.00210254
-0.00210872
-0.0021146100000000003
-0.00212022
-0.00212555
-0.00213059
-0.0021353500000000003
-0.00213983
-0.0021440300000000003
-0.00214796
-0.0021516
-0.00215496
-0.00215804
-0.00216085
