0.0
9.736e-05
0.00019443
0.00019399
0.00019353
0.00019305
0.00019255000000000002
0.00019201
0.00019146
0.00019088000000000002
0.00019026999999999998
0.00018964000000000003
0.00018898000000000002
0.0001883
0.00018758000000000002
0.00018684
0.00018606999999999999
0.00018527
0.00018444
0.00018356999999999998
0.00018268
0.00018175
0.00018079
0.00017978999999999998
0.00017877
0.0001777
0.00017661
0.00017547
0.0001743
0.00017309
0.00017184
0.00017055
0.00016923
0.00016785999999999998
0.00016645
0.000165
0.00016351
0.00016198000000000002
0.00016041
0.00015879000000000002
0.00015713
0.00015542
0.00015365
0.00015184
0.00014998
0.00014809
0.00014616
0.00014418000000000002
0.00014214
0.00014004000000000002
0.00013789
0.00013570000000000002
0.00013347
0.00013118
0.00012883
0.00012643
0.00012398
0.00012148000000000001
0.00011892
0.00011632
0.00011365999999999999
0.00011094
0.00010818
0.00010541000000000001
0.00010261
9.978000000000001e-05
9.686e-05
9.384e-05
9.07e-05
8.746e-05
8.413000000000001e-05
8.078999999999999e-05
7.753000000000001e-05
7.433e-05
7.107e-05
6.765e-05
6.409e-05
6.051e-05
5.695e-05
5.339e-05
4.978e-05
4.612e-05
4.244000000000001e-05
3.867e-05
3.474e-05
3.07e-05
2.675e-05
2.303e-05
1.939e-05
1.534e-05
1.05e-05
5.230000000000001e-06
4.9e-07
-3.03e-06
-5.66e-06
-8.53e-06
-1.259e-05
-1.78e-05
-2.335e-05
-2.856e-05
-3.325e-05
-3.763e-05
-4.209e-05
-4.695e-05
-5.22e-05
-5.746e-05
-6.22e-05
-6.598e-05
-6.896e-05
-7.227e-05
-7.724e-05
-8.405e-05
-9.122e-05
-9.668e-05
-9.939e-05
-0.00010031999999999999
-0.00010184
-0.00010582
-0.00011221999999999999
-0.00011913
-0.00012429000000000002
-0.00012709
-0.00012908
-0.00013258
-0.00013818
-0.00014429000000000002
-0.00014957
-0.00015512
-0.00016291
-0.00017228
-0.00017973
-0.00018198
-0.00017944000000000003
-0.00017731
-0.00018129
-0.00019238000000000002
-0.00020650000000000003
-0.00021814
-0.00022412000000000002
-0.00022502
-0.00022404
-0.00022441
-0.00022775
-0.00023412
-0.00024165
-0.00024736
-0.00024981
-0.00024988
-0.00024983000000000004
-0.0002522
-0.00025743
-0.00026182
-0.00026074000000000003
-0.00025444000000000004
-0.00024841
-0.00024795000000000004
-0.00025345
-0.00026164
-0.00027066
-0.00028066
-0.00028982000000000004
-0.00029392000000000003
-0.00029078
-0.00028402
-0.00028115000000000003
-0.00028755
-0.00030187
-0.00031721
-0.00032787999999999996
-0.00033439000000000006
-0.00034112000000000004
-0.00034941000000000003
-0.00035476
-0.00035215999999999996
-0.00034237
-0.00033206
-0.00032713
-0.00032714
-0.00032768
-0.00032656
-0.00032663
-0.00033146
-0.00033899
-0.00034188
-0.00033640000000000005
-0.00032877000000000004
-0.00032909000000000004
-0.00034152000000000005
-0.0003585
-0.00036426
-0.00035152
-0.00033077000000000003
-0.00031704000000000004
-0.00031446
-0.00031846
-0.00032658
-0.00034207000000000004
-0.00036582000000000004
-0.00038665
-0.00039084
-0.00038017000000000004
-0.00036628
-0.00035189
-0.00033095
-0.00030673
-0.00029832999999999997
-0.00031922
-0.00035687999999999996
-0.00038420999999999996
-0.00038595999999999997
-0.00036894000000000006
-0.00035163
-0.00034579
-0.00034659000000000003
-0.00034157
-0.00032477
-0.00029973
-0.00027449
-0.00025764
-0.00025633
-0.00027263
-0.00030164
-0.00033055000000000004
-0.00034431999999999996
-0.00033874
-0.00032023
-0.00029607
-0.00027178
-0.00025288000000000003
-0.0002439
-0.00024338
-0.00024238
-0.00023822
-0.00024766
-0.00028578
-0.00033677
-0.00036651
-0.00035891
-0.00032864
-0.0002967
-0.00026781
-0.00024402
-0.00023986
-0.00026441
-0.00029941
-0.00031390000000000004
-0.00030032
-0.00028089
-0.00027567
-0.00027701
-0.0002608
-0.00021735000000000002
-0.00016532000000000002
-0.00013381000000000002
-0.00013757
-0.00016776
-0.00019618
-0.00019441
-0.00015879000000000002
-0.00011462
-9.487e-05
-0.00011537
-0.00016232
-0.00019879
-0.00019312
-0.00014748000000000002
-9.502999999999999e-05
-7.042e-05
-8.396e-05
-0.00011949
-0.00015363
-0.00017172
-0.0001666
-0.00013813
-0.00010036
-7.510000000000001e-05
-6.972e-05
-7.168e-05
-6.79e-05
-6.306e-05
-7.294e-05
-0.0001
-0.00012622
-0.00013325
-0.00012182000000000001
-0.00010212
-7.185999999999999e-05
-2.654e-05
1.638e-05
3.106e-05
1.676e-05
-4.7e-06
-2.18e-05
-4.668000000000001e-05
-9.117999999999999e-05
-0.00013918
-0.00015334000000000002
-0.0001074
-1.5070000000000001e-05
7.661e-05
8.426e-05
2.8270000000000002e-05
-3.9890000000000006e-05
-0.00011939999999999999
-0.00015221
-0.00010725
-9.070000000000001e-06
8.499e-05
0.00012784
0.00010549
4.015000000000001e-05
-3.002e-05
-8.145e-05
-0.00011044
-0.00011851
-0.00010881999999999999
-9.431999999999999e-05
-9.169999999999999e-05
-0.0001016
-0.00010765
-0.00010047
-9.103e-05
-9.316e-05
-0.00010874
-0.00013365
-0.00016441
-0.00019773
-0.00021912
-0.00020414
-0.00015146
-9.334999999999999e-05
-5.939e-05
-4.766e-05
-3.664e-05
-1.865e-05
-1.294e-05
-3.685e-05
-8.086e-05
-0.00012723
-0.00016923
-0.00020528999999999998
-0.0002249
-0.00020595
-0.00014902
-9.667000000000001e-05
-9.391e-05
-0.00014179
-0.00019527
-0.00022274
-0.00023516
-0.00023612
-0.00020096
-0.00010515000000000001
2.117e-05
8.766e-05
5.07e-05
-4.9890000000000005e-05
-0.00016261999999999998
-0.00026512000000000004
-0.00035559000000000003
-0.00039389000000000004
-0.00031637
-0.00013299
7.434e-05
0.00020258000000000003
0.00019979
0.00011193
-1.388e-05
-0.00018155000000000002
-0.00037469
-0.00052832
-0.00056447
-0.00043664
-0.00017633
9.561e-05
0.00026076
0.00028337
0.00017373
-4.038e-05
-0.00029866
-0.0005147
-0.0006124
-0.0005809000000000001
-0.00047258
-0.00031893
-0.00010244
0.00014629
0.0002872
0.00019086
-9.115e-05
-0.00035936999999999997
-0.00048026
-0.0004891800000000001
-0.00046604000000000003
-0.00041545
-0.0003168
-0.00018461
-5.389e-05
1.365e-05
-5.854e-05
-0.0002732
-0.00050204
-0.00057019
-0.00042341
-0.00018244
-2.61e-06
7.575e-05
0.00010391
0.00010765
5.951e-05
-3.982e-05
-0.00013799
-0.00021296
-0.00028815
-0.00036313
-0.00040347
-0.00038167
-0.00029705
-0.0001687
-2.34e-05
8.433e-05
7.182e-05
-8.206e-05
-0.00028699
-0.00042486000000000005
-0.00044243
-0.00038028
-0.00032189
-0.00030149
-0.00030112
-0.00028948
-0.00022997
-0.00011679
-6.750000000000001e-06
2.1090000000000003e-05
-4.8240000000000006e-05
-0.00015505
-0.00024865
-0.00032782
-0.0003978
-0.00041456
-0.00032873
-0.00018788
-9.894e-05
-9.646999999999999e-05
-0.00013318
-0.00018335
-0.00025955
-0.00034285
-0.00037763
-0.0003332
-0.00025105
-0.00018674
-0.00014376
-0.00013376000000000002
-0.00019755000000000003
-0.00032050000000000004
-0.00041021000000000005
-0.00039335000000000005
-0.00029621000000000004
-0.00020105
-0.00014863
-0.00010319
-2.917e-05
4.156e-05
4.861e-05
-4.0730000000000005e-05
-0.00019516
-0.00033411000000000004
-0.00039684
-0.00038947000000000005
-0.00037498999999999996
-0.00038542000000000003
-0.00037733000000000005
-0.00031766000000000005
-0.00023981
-0.00020885
-0.00024802
-0.00029131000000000003
-0.00026641
-0.00020104
-0.00018636
-0.00025842
-0.00035903
-0.00042457000000000004
-0.00044738
-0.00042845000000000003
-0.00035321
-0.00023995
-0.00014904
-0.00010788
-7.839e-05
-4.414000000000001e-05
-8.214000000000001e-05
-0.00027382000000000003
-0.00055024
-0.00070067
-0.00057804
-0.00025391
5.2969999999999996e-05
0.0001482
1.338e-05
-0.00017221
-0.00022755
-0.00014635
-6.514e-05
-8.766e-05
-0.00016557
-0.00019063
-0.00010775
6.07e-05
0.00021009000000000002
0.00021909000000000002
5.493e-05
-0.00019723
-0.00041533
-0.0005334
-0.00055864
-0.0005173500000000001
-0.00040112000000000004
-0.00021728999999999997
-3.895e-05
5.586e-05
3.706e-05
-9.352e-05
-0.00031870000000000005
-0.00059256
-0.0008585900000000001
-0.00107248
-0.00114441
-0.00094314
-0.00046891
5.8360000000000004e-05
0.00037164999999999995
0.000362
0.00010894
-0.00022675
-0.0005163800000000001
-0.00067763
-0.00067426
-0.0005454300000000001
-0.00035501
-0.00014428
2.316e-05
6.557000000000001e-05
-8.6e-06
-8.994999999999999e-05
-0.00013716000000000002
-0.00023657000000000002
-0.00043924999999999997
-0.0006490700000000001
-0.00069116
-0.00048488000000000003
-0.00015911
6.612e-05
7.433e-05
-0.00010048
-0.00031625
-0.00044589
-0.00049795
-0.00054183
-0.00057176
-0.0005177199999999999
-0.00033893
-5.719e-05
0.00023974
0.00040585
0.00035266
0.00012951
-0.00014644000000000001
-0.00036963999999999996
-0.0005008
-0.00054183
-0.00043013000000000003
-8.455000000000001e-05
0.00043472
0.000929
0.0012267
0.0013072900000000002
0.0012673699999999999
0.00123597
0.00134348
0.00162153
0.0019049
0.00196195
0.00169344
0.00114641
0.00040784
-0.0004763
-0.00149927
-0.00261989
-0.00371613
-0.00462504
-0.005219850000000001
-0.00545772
-0.00535666
-0.00493997
-0.0042368
-0.00338815
-0.00267488
-0.0022721300000000002
-0.00204901
-0.00169206
-0.0009669899999999999
8.716e-05
0.00118994
0.00205648
0.0026423600000000003
0.0032102700000000003
0.0040709299999999995
0.0051787000000000005
0.00600248
0.00588214
0.004661950000000001
0.0029779200000000002
0.0017527400000000002
0.00141357
0.0016667399999999999
0.0018815799999999999
0.00166535
0.00114335
0.00064727
0.00019034
-0.00064349
-0.00226469
-0.00452038
-0.00653529
-0.00722958
-0.00622341
-0.0041918699999999995
-0.00223727
-0.0010435400000000001
-0.00063316
-0.00065257
-0.00074517
-0.0007808900000000001
-0.0008272500000000001
-0.0009644800000000001
-0.0011939700000000001
-0.00143628
-0.00150635
-0.00112578
-3.782e-05
0.0017869399999999999
0.00385341
0.00509261
0.0045476499999999994
0.0023403399999999998
-0.00015942999999999998
-0.00125861
-0.00025483
0.00193984
0.00348846
0.0031039099999999997
0.00099746
-0.0014407200000000002
-0.00274225
-0.0023812
-0.00103965
0.00015022
0.00056843
0.00028638000000000003
-0.00027539999999999997
-0.0006599199999999999
-0.00071329
-0.0007591100000000001
-0.0012584
-0.00230971
-0.0035092400000000003
-0.004193990000000001
-0.0038735
-0.0025685400000000002
-0.00073805
0.00106942
0.0024146799999999998
0.00305477
0.00299423
0.00234849
0.00125054
-6.655e-05
-0.00121477
-0.0016932400000000002
-0.00116869
0.00014803
0.00157455
0.00249949
0.0028122399999999997
0.00275954
0.00246895
0.00177428
0.00051387
-0.00106379
-0.0023069600000000003
-0.0026745799999999998
-0.00221025
-0.00150549
-0.0011782700000000001
-0.00133
-0.00157245
-0.0015211600000000001
-0.0010838100000000002
-0.00042134
0.00013942
0.00023728
-0.00032299
-0.00139012
-0.00249175
-0.00312968
-0.00301631
-0.0021088
-0.0006376999999999999
0.0009332100000000001
0.00216253
0.0028302300000000004
0.00284862
0.002201
0.00109681
1.8200000000000002e-06
-0.0006087299999999999
-0.00051672
0.00012898
0.00091918
0.00151043
0.0018467400000000001
0.00200738
0.00197582
0.0016497
0.00103498
0.00038043
-1.003e-05
-0.00011238
-0.00019480000000000002
-0.00051452
-0.00106696
-0.0015964800000000002
-0.00180302
-0.0015536900000000001
-0.00098631
-0.00041612999999999996
-9.807e-05
-0.00010076
-0.00035246
-0.00073229
-0.00114937
-0.0015432100000000002
-0.00183065
-0.00194132
-0.0018746
-0.00162612
-0.00111978
-0.00030605
0.00069558
0.0015896299999999999
0.00206282
0.00197578
0.00143582
0.00074815
0.00026548
0.0001526
0.00029997
0.00056125
0.00100324
0.00178707
0.00281961
0.0036142400000000003
0.0035518100000000003
0.00233975
0.00029147
-0.0018386
-0.00329975
-0.0036549300000000002
-0.00289588
-0.0014813200000000002
-0.00012423
0.00070104
0.00104107
0.00117279
0.00112892
0.00066393
-0.0003486
-0.00161264
-0.00253554
-0.00264439
-0.00190519
-0.0007159
0.00037321
0.0009977
0.0011459999999999999
0.00106101
0.00096967
0.0009216000000000001
0.00085684
0.00067151
0.00023968
-0.00043409000000000004
-0.00106239
-0.00121558
-0.0006587300000000001
0.00047118
0.00172681
0.00255886
0.00259695
0.00184499
0.00065579
-0.00048193
-0.00116912
-0.0012446500000000001
-0.00082053
-0.00014272000000000002
0.00058337
0.00124562
0.00176331
0.00197621
0.00168013
0.0008595800000000001
-0.00017515
-0.0009391
-0.00108989
-0.00065144
2.7490000000000003e-05
0.0005226100000000001
0.00058027
0.00019664999999999998
-0.00041160000000000003
-0.00088671
-0.00094408
-0.00058711
-7.963e-05
0.00028047
0.00036443000000000006
0.00024123
0.00010361
0.00019553000000000002
0.00063876
0.00121414
0.00143574
0.0009812500000000001
7.851e-05
-0.00059256
-0.00048235
0.00032831
0.00124082
0.0016859
0.0015026
0.0008849400000000001
0.00013473
-0.00048507000000000004
-0.00077246
-0.00064349
-0.00024949
8.751999999999999e-05
0.00016933
0.00010669
0.00016384
0.00043122
0.0007339600000000001
0.0008862100000000001
0.00090536
0.00092226
0.0009898
0.001048
0.0010426
0.00103319
0.0011312400000000002
0.00133555
0.0014896300000000003
0.0014074500000000002
0.00104254
0.00054373
0.00015682
5.581e-05
0.0002004
0.0003741
0.00039071
0.00021381000000000001
-8.797e-05
-0.00040300000000000004
-0.00061733
-0.0006883000000000001
-0.00066395
-0.00059488
-0.0004950999999999999
-0.00035491
-0.00010517000000000001
0.00033166
0.00088687
0.00133095
0.00146368
0.00129266
0.0010177300000000001
0.00086904
0.00094827
0.00118428
0.00139732
0.00140682
0.0011877600000000002
0.00095443
0.00098829
0.0013397600000000002
0.0017418400000000001
0.0018465200000000001
0.0014926100000000001
0.00078814
7.162e-05
-0.00028573000000000004
-0.00015294
0.00026527
0.0005727999999999999
0.00050668
0.00017548000000000002
-4.1700000000000004e-05
0.00016802
0.00073721
0.00123803
0.00125108
0.00070964
-3.51e-05
-0.00047347000000000003
-0.00032988000000000006
0.00024395
0.00080557
0.0009792800000000001
0.00075111
0.00046037000000000004
0.00050919
0.00100133
0.00161652
0.00188906
0.00164789
0.00118395
0.00096031
0.00113961
0.0014828
0.00170933
0.0017890500000000001
0.00186347
0.00200152
0.00210275
0.00202015
0.00169275
0.00117103
0.00059964
0.00017401
5.696e-05
0.00028529
0.0007268600000000001
0.00112242
0.00120235
0.0008449900000000001
0.0001713
-0.0005121699999999999
-0.00089245
-0.0008406900000000001
-0.00046621000000000005
1.12e-05
0.00044458999999999997
0.00082143
0.00117083
0.00148026
0.0017221500000000002
0.0018828100000000002
0.00192478
0.00179618
0.0015168300000000003
0.00121394
0.0010637
0.0011696900000000001
0.0014668
0.00176686
0.0019113700000000001
0.00188154
0.0017778800000000001
0.00173314
0.00182416
0.00200884
0.00215881
0.00213702
0.00185852
0.0013697000000000002
0.00086147
0.00054504
0.00050068
0.0006358
0.00078669
0.00087627
0.0009489100000000001
0.00103319
0.00107885
0.0010733
0.00109441
0.00120403
0.00134429
0.00136406
0.0011516500000000002
0.00075891
0.00039776
0.00028597000000000003
0.00049952
0.0009451
0.0014161299999999998
0.00171614
0.00178738
0.0017194999999999999
0.0016213900000000001
0.00151857
0.00140953
0.00134278
0.00137169
0.00151939
0.00180507
0.00220169
0.0025906
0.0027864400000000003
0.00262317
0.0021348
0.0016044100000000001
0.00133331
0.00139931
0.00165153
0.0018940399999999998
0.00201785
0.0020235
0.00199333
0.00198677
0.00197361
0.00189072
0.00173627
0.00157944
0.00146329
0.00135825
0.00123185
0.00113064
0.00115919
0.00136128
0.00165187
0.0018656200000000001
0.00188357
0.00173266
0.00154667
0.00143519
0.00139297
0.00134335
0.00125348
0.00118404
0.00124033
0.00147326
0.00184046
0.0022321
0.0024946
0.0025160100000000004
0.00233619
0.00211485
0.00197589
0.0019141100000000001
0.00185968
0.00179926
0.00179297
0.0018720899999999999
0.0019641100000000002
0.00197102
0.001905
0.00186815
0.00191174
0.00198691
0.00201926
0.00199335
0.0019543
0.0019413
0.00197063
0.00207924
0.00230561
0.0026096200000000004
0.0028624300000000004
0.00293589
0.0027917700000000003
0.00250037
0.00221106
0.00207769
0.0021387100000000003
0.00227896
0.00236745
0.00241481
0.00252824
0.0027281300000000005
0.00288248
0.00283921
0.00259283
0.00228853
0.00208751
0.00205111
0.00211525
0.0021742600000000003
0.00220351
0.00227032
0.00241984
0.0025912
0.00265853
0.00253697
0.0022576
0.0019380200000000002
0.00168197
0.00154116
0.00155867
0.0017825
0.0021882
0.0026112600000000002
0.00282408
0.00270664
0.00234509
0.00196626
0.0017736
0.00182446
0.00201927
0.00221642
0.00237728
0.0025760899999999996
0.0028713300000000005
0.00320214
0.0034327600000000004
0.00348197
0.00340231
0.0033307700000000003
0.00333891
0.0033722800000000005
0.00336331
0.00333901
0.0033752
0.00347256
0.0035436499999999998
0.0035306
0.0034749000000000004
0.00346121
0.00350859
0.00351273
0.00331868
0.0028650100000000003
0.00226376
0.00176531
0.00160793
0.00182153
0.00217824
0.0023899200000000002
0.00234145
0.00211116
0.00185078
0.00169235
0.0016960500000000002
0.0018415400000000002
0.0020664
0.0023160800000000003
0.00257633
0.00285206
0.0031238700000000004
0.00335609
0.00354061
0.00370556
0.0038716600000000003
0.00402587
0.00413412
0.00415262
0.00406692
0.00392861
0.00380603
0.00373074
0.0037277900000000004
0.0038409900000000003
0.00407684
0.00433369
0.00441878
0.0041829400000000004
0.0036714599999999997
0.0031221700000000005
0.0027966400000000004
0.0027932400000000002
0.0029679899999999998
0.0030444300000000003
0.0028718100000000002
0.0025713999999999997
0.00240507
0.00253042
0.0028859600000000003
0.0032979999999999997
0.00367744
0.00403196
0.00419351
0.0037561499999999998
0.0027270899999999997
0.00198287
0.00236459
0.00342466
0.00391186
0.0035958
0.00338385
0.0031163999999999996
0.0012393200000000001
-0.00188769
-0.00321361
-0.0015917000000000001
0.00019150000000000002
5.9430000000000005e-05
-0.00038011
-0.00015406
-0.0014152400000000001
-0.00530542
-0.01038768
-0.01414749
-0.01397897
-0.010318039999999999
-0.007583520000000001
-0.00984911
-0.01582044
-0.01904211
-0.016356040000000002
-0.013360170000000001
-0.0159575
-0.01940923
-0.013536600000000001
-0.00054023
0.00415908
-0.005843350000000001
-0.019815410000000002
-0.02660833
-0.02586718
-0.02261076
-0.0186641
-0.011986110000000001
-0.00093267
0.014280109999999999
0.030155210000000002
0.040263770000000004
0.04306462
0.04578004
0.05457480000000001
0.0656325
0.06994866
0.0632997
0.05174729
0.04750182
0.05653243
0.07261388
0.08388401
0.08230522000000001
0.06629006000000001
0.03664006
-0.00383609
-0.04731002
-0.08266036
-0.10169941
-0.10548928
-0.10083344000000001
-0.09323256
-0.08743292000000001
-0.08511898000000001
-0.08491688
-0.08570942000000001
-0.08199764
-0.06881907
-0.05263575
-0.04315067
-0.039259840000000004
-0.02993261
-0.00639841
0.02725697
0.05528129
0.06106276
0.04068107000000001
0.01019892
-0.01119656
-0.02259554
-0.03205844
-0.040154180000000005
-0.04092148
-0.03288999
-0.02299521
-0.014222060000000002
-0.00860088
-0.01290092
-0.01957924
-0.012411160000000001
0.00974754
0.03596755
0.05609746
0.0691537
0.07853264
0.08100254
0.07170312
0.05470951
0.04049297
0.03372713
0.0336935
0.036407310000000005
0.02913233
0.006376
-0.015538090000000001
-0.0126765
0.02426287
0.07713671
0.11099469
0.10218061
0.057067509999999995
0.00035852000000000003
-0.04544644
-0.05866617
-0.028004699999999997
0.027934519999999997
0.07718273
0.10018317
0.09262659
0.061225310000000005
0.01649824
-0.029318080000000003
-0.05657596
-0.052211400000000005
-0.027970250000000002
-0.01106931
-0.02377967
-0.06542842
-0.10725941000000001
-0.10999556
-0.05485724
0.03768275
0.13093768
0.20150196
0.24041393
0.24991743
0.23599062
0.20428076
0.16535267
0.12071831
0.04804875
-0.07532843
-0.23605426999999998
-0.39200134
-0.50712101
-0.56258766
-0.5518605
-0.47121971
-0.31898411
-0.12171503
0.054771440000000005
0.14274935
0.11909819
0.00931078
-0.14751934
-0.31703121
-0.44470367000000005
-0.44274242
-0.2512611
0.08061186
0.40710613
0.58689018
0.56845013
0.40537582
0.21566238
0.1043459
0.09273502
0.12060292
0.12273980999999999
0.09555206999999999
0.0855421
0.13498655
0.24910162
0.3981496
0.54237137
0.64318779
0.6533812
0.53508625
0.30493231000000004
0.04549073
-0.14811286
-0.24230001
-0.27927511
-0.30873611
-0.32004887
-0.27329805
-0.17970718000000002
-0.10704057
-0.11370680999999999
-0.19429808
-0.28365717
-0.31032391000000004
-0.24671968
-0.12843826
-0.03998854
-0.05835623
-0.18848146
-0.36251415000000003
-0.50652714
-0.5859792300000001
-0.5910044099999999
-0.51548077
-0.36062237
-0.14823261000000001
0.08081086000000001
0.28286839
0.41917774
0.47207253000000005
0.47425667
0.49461758000000006
0.56974972
0.66626488
0.73162109
0.75114265
0.73317642
0.67803474
0.58003559
0.44335754000000005
0.30318563000000004
0.22445727999999998
0.24600391
0.3409362
0.44884293000000003
0.5193924
0.52622696
0.45406857
0.28777626
0.03516901
-0.25728014000000005
-0.52769115
-0.73111549
-0.8614711
-0.95489273
-1.06184708
-1.20041641
-1.32741974
-1.36245972
-1.26180931
-1.05889893
-0.81425529
-0.55999966
-0.31362694
-0.11066454
-0.002424
-0.02033949
-0.14057093
-0.29445814
-0.40912933
-0.43249699
-0.34753650999999997
-0.17409687000000001
0.05381583
0.30571566
0.5480131500000001
0.73257744
0.79838135
0.6995785499999999
0.46575176
0.23155338
0.16021778
0.31471895
0.6037323
0.85361969
0.93726524
0.84781784
0.6807502
0.55635422
0.53872154
0.61080837
0.70841896
0.76132721
0.71160713
0.53548161
0.27112247
-0.0012595999999999998
-0.21540232
-0.34385883
-0.38616241
-0.35564757999999996
-0.27879309
-0.18898071000000002
-0.10822212
-0.043227089999999996
-0.00205808
-0.00232481
-0.04600924
-0.09383221000000001
-0.09282485
-0.02661736
0.07184223
0.14771293
0.15944925
0.09245084
-0.04363636
-0.22274323
-0.41578007
-0.60015957
-0.76599991
-0.9186868300000001
-1.0646091500000001
-1.1874327900000001
-1.2519724300000001
-1.23867706
-1.15203903
-0.9954310599999999
-0.76705612
-0.48333511
-0.18396729
0.09384613
0.32811253
0.50187908
0.6105948999999999
0.67610298
0.7281774900000001
0.77731529
0.8137471
0.82324043
0.81509529
0.84000755
0.95434494
1.1661171000000001
1.4252600100000001
1.64818909
1.7539460800000002
1.70477127
1.51560455
1.22650055
0.88320099
0.52871265
0.19473042
-0.09140790000000001
-0.30680248
-0.45336403
-0.5577561600000001
-0.6420803100000001
-0.70343254
-0.7251415299999999
-0.70774956
-0.68297935
-0.6933934
-0.77125
-0.9360447700000001
-1.18802811
-1.49197266
-1.77674957
-1.96934235
-2.04359222
-2.0402880899999998
-2.0279724100000003
-2.03092789
-2.0012413000000002
-1.85767532
-1.54190018
-1.05142235
-0.4438023
0.18055174000000002
0.7131335400000001
1.0796891800000001
1.27008484
1.32934952
1.3159166
1.27350624
1.23242294
1.22206909
1.27003563
1.3758178699999999
1.4962869300000001
1.5805213900000001
1.615168
1.60984619
1.55424545
1.43577026
1.2828765899999999
1.15129959
1.07890457
1.06786285
1.0948037
1.1209713700000001
1.09352783
0.95055771
0.64521889
0.18925945
-0.32684383
-0.77236076
-1.04333725
-1.1083709000000002
-1.0080043
-0.82172157
-0.6311295299999999
-0.49804935
-0.45880898000000003
-0.51535019
-0.63891102
-0.7953926099999999
-0.9637779999999999
-1.14757019
-1.36318604
-1.6060990899999998
-1.84429688
-2.03554825
-2.13486038
-2.09051056
-1.85900665
-1.44122513
-0.89277092
-0.30879505
0.20118238000000002
0.55109604
0.70453514
0.69258842
0.61550896
0.58737125
0.6590239699999999
0.79884933
0.944776
1.05916122
1.13487976
1.17636505
1.1846502700000001
1.16065063
1.119674
1.08852608
1.08516563
1.09704018
1.08352615
1.00952011
0.86726952
0.66842934
0.42855556
0.16640429999999998
-0.07620377
-0.23921652000000002
-0.2967477
-0.28707375
-0.28240406
-0.33855651999999997
-0.46084643999999997
-0.61758263
-0.7834719800000001
-0.94829071
-1.0902610799999999
-1.16151497
-1.11054298
-0.9249606300000001
-0.6535094499999999
-0.38635124
-0.21015076000000002
-0.16759153000000002
-0.23806978
-0.35595531
-0.45507244
-0.49661095000000005
-0.47071743
-0.38688911
-0.26844051
-0.14561585
-0.03872568
0.04069978
0.07915619
0.07102896
0.027868689999999998
-0.027023830000000002
-0.07578697
-0.12496544
-0.19246185000000002
-0.27478558000000003
-0.34388832
-0.37242134
-0.35492352
-0.30195475
-0.21747699999999998
-0.10165417
0.02826354
0.14349634
0.22113428
0.23966846
0.17434856
0.021983429999999998
-0.17926022
-0.37313099
-0.52169205
-0.6364418
-0.77384338
-0.9526638800000001
-1.10797913
-1.1656700100000001
-1.11257378
-0.98248329
-0.79893974
-0.56309807
-0.30949514
-0.0945189
0.07924098
0.23749111
0.35718445000000004
0.37518551000000006
0.25489304
0.045418839999999995
-0.13338967000000002
-0.19218101999999998
-0.12354471
0.03884428
0.25677904
0.48959248000000005
0.6799775699999999
0.75990471
0.69872406
0.5530838
0.43569125999999997
0.40216778
0.42659813
0.49319817
0.60845306
0.721866
0.73323639
0.6081237
0.4215609
0.26203913
0.14585886
0.02452862
-0.16092108
-0.41035423000000004
-0.65055634
-0.8181575
-0.9144683100000001
-0.96483063
-0.9700415
-0.89554802
-0.7175451700000001
-0.50244156
-0.38074558000000003
-0.40736622
-0.5099147
-0.5870517000000001
-0.6015329
-0.58952457
-0.6143085500000001
-0.68427773
-0.7128235599999999
-0.60231152
-0.37344074
-0.17028744
-0.12618285
-0.23701832
-0.35622021
-0.32922302000000003
-0.13367245
0.13593922
0.37575684000000004
0.5406411
0.64882141
0.7455746499999999
0.85622124
0.95092216
0.97980202
0.94348946
0.88791046
0.86870407
0.9067572800000001
0.9530898999999999
0.95832817
0.93726273
0.92342255
0.88321877
0.69993042
0.32541812999999997
-0.10069855000000001
-0.39435291
-0.51708935
-0.58105114
-0.7085342400000001
-0.88876518
-1.0038485
-0.98213013
-0.8600363900000001
-0.71292068
-0.57813103
-0.4708041
-0.43268307
-0.48818443000000006
-0.5893486
-0.66323944
-0.6756285900000001
-0.6367926
-0.59055458
-0.58811417
-0.63436134
-0.67551628
-0.66131783
-0.6124233600000001
-0.59590092
-0.62925156
-0.66128265
-0.63406456
-0.5153237500000001
-0.29456966
0.01889723
0.37896194
0.7053898599999999
0.93118614
1.04545464
1.0963418600000001
1.14470406
1.22370621
1.3394012499999999
1.47184143
1.58884171
1.65765457
1.64848251
1.5656080600000002
1.43657379
1.2676371
1.0566909800000002
0.80866081
0.53435486
0.2828541
0.13159365
0.11584925
0.21205973
0.38053848
0.5916884600000001
0.82004082
1.0176876799999999
1.1176057400000001
1.09992615
1.02659355
0.97665756
0.96312408
0.9359493999999999
0.85822052
0.74888695
0.66784325
0.6718337200000001
0.76484573
0.90381081
1.03219131
1.1025445600000001
1.1128680400000002
1.12587273
1.23095543
1.4362439
1.62224518
1.6818270899999999
1.63216873
1.5580343600000002
1.5301196300000002
1.5525123600000001
1.54527954
1.39415344
1.03679611
0.52349895
-0.007612250000000001
-0.42995735
-0.71366432
-0.9164006000000001
-1.12322868
-1.40651489
-1.7822439600000002
-2.22260971
-2.71040802
-3.1964239500000002
-3.57753784
-3.78698181
-3.8398193400000005
-3.78854828
-3.67016144
-3.50407532
-3.31345978
-3.1141833500000002
-2.89923889
-2.6279486100000002
-2.2332106
-1.6875267
-1.05760597
-0.46178772
0.02421478
0.40468746000000005
0.70636482
0.9225573
1.0572887400000002
1.18355644
1.39688416
1.72111481
2.08668488
2.4122551000000003
2.6781829800000003
2.90184387
3.0913565100000002
3.23913055
3.3436709600000003
3.4085348499999997
3.41871765
3.37503601
3.2950488300000003
3.1662637300000003
2.99027649
2.7945092799999998
2.58608093
2.37947067
2.1969897499999997
2.02983444
1.84602371
1.61637497
1.34222046
1.04965172
0.7526158900000001
0.45208134
0.16257389
-0.10026674999999999
-0.35541656000000005
-0.62472797
-0.8883377100000001
-1.13296066
-1.4196173099999998
-1.8527705399999999
-2.4696487400000002
-3.20061646
-3.93841095
-4.58496033
-5.05101746
-5.270061040000001
-5.23083984
-4.99282104
-4.64473572
-4.25200378
-3.85747498
-3.49233734
-3.16776886
-2.8777535999999997
-2.60944702
-2.35099487
-2.08931915
-1.79173416
-1.41545349
-0.9587418400000001
-0.47741238
-0.04318726
0.2848115
0.47457497
0.55426533
0.59666756
0.6410977200000001
0.64681747
0.53019318
0.25848831
-0.10813122
-0.46837971000000006
-0.73033371
-0.85247238
-0.8835646800000001
-0.9029178600000001
-0.91440872
-0.85735306
-0.69132538
-0.43954276999999997
-0.18251905000000002
0.01069229
0.15560868
0.31296026000000005
0.50325562
0.71012527
0.9431589499999999
1.2488151600000001
1.65067017
2.10927734
2.53090118
2.78077972
2.74003723
2.40863831
1.92961197
1.48117279
1.15885262
0.98350632
0.95262283
1.02676636
1.13915184
1.24358253
1.32973816
1.41020889
1.4774372900000001
1.4812892199999999
1.37374313
1.1436734800000001
0.8122583
0.42526978
0.04455857
-0.26977236000000004
-0.48225765000000004
-0.57785976
-0.55230503
-0.43121159
-0.25667074
-0.03901306
0.2417194
0.58402409
0.94577362
1.2853544600000002
1.6012170399999999
1.9167439300000002
2.21558731
2.4041391
2.3726048299999998
2.09227615
1.6350119
1.11236092
0.6206514700000001
0.22158072
-0.06263682000000001
-0.23770802
-0.32363503000000005
-0.34408997
-0.31263498
-0.2324297
-0.10773252
0.0420699
0.18360203
0.29909338
0.4095306
0.54236095
0.6669395400000001
0.7032573700000001
0.60810539
0.41783195
0.20555063
0.01438668
-0.15693879000000002
-0.31778313
-0.45955608
-0.55164673
-0.5664793800000001
-0.52273895
-0.48915199000000004
-0.54530514
-0.72417862
-0.9858832599999999
-1.2704995
-1.5493246500000002
-1.8135777300000002
-2.05667801
-2.26920425
-2.43836441
-2.55815033
-2.62706696
-2.62536346
-2.51869949
-2.30557861
-2.0383873
-1.77925262
-1.5535043300000002
-1.35041809
-1.15040016
-0.95005714
-0.7669696
-0.62297089
-0.5299496100000001
-0.48408695
-0.47689468
-0.50837322
-0.56441219
-0.61318279
-0.63720966
-0.63170452
-0.59437962
-0.5267332100000001
-0.41876762
-0.26533249000000003
-0.10734747
-0.00108037
0.05135241
0.09664311
0.16484949000000002
0.24018820000000002
0.29709106
0.32289413000000006
0.29757406000000003
0.20863432
0.08632222
-0.01035558
-0.03961482
-0.011609389999999999
0.02602519
0.04296051
0.04766716
0.05780589
0.08699338
0.15310158
0.2550576
0.36249748
0.44782616
0.48946423000000006
0.47237854
0.43014431000000003
0.43534550000000005
0.52647102
0.67288361
0.80505234
0.87485497
0.87837807
0.8230021700000001
0.7130391699999999
0.56495472
0.41127147999999997
0.28462719000000003
0.18966125000000003
0.10936146000000001
0.044963300000000005
0.01699392
0.03355276
0.07292944
0.0985071
0.10526136
0.12268645
0.15575935
0.16833462000000002
0.12721735
0.04535028
-0.01694823
-0.005091050000000001
0.08745895000000001
0.22586897
0.35450878
0.43998791
0.51321846
0.63397202
0.80564178
0.9558537300000001
1.01993462
1.01038803
0.98294044
0.9770391100000001
1.00456322
1.0690773
1.17404015
1.29986343
1.3954129
1.4120694
1.33743469
1.2044884500000002
1.0730072800000001
0.9951565600000001
0.99365166
1.04343254
1.07331291
1.0229725600000001
0.90115929
0.77977356
0.73485008
0.7838706200000001
0.86326736
0.8686702
0.73924873
0.50406624
0.24697413999999998
0.0415926
-0.09450502999999999
-0.19524632
-0.29333738000000004
-0.38009621000000005
-0.42021156
-0.40679687999999997
-0.39118023
-0.4378669
-0.55385708
-0.67440613
-0.72887009
-0.72605576
-0.75273483
-0.8681916
-1.01820045
-1.07944641
-0.97797737
-0.74677765
-0.48588284000000004
-0.27543709
-0.11623767000000002
0.045671960000000004
0.24444966999999998
0.45338291
0.60472595
0.64895271
0.61137676
0.56711685
0.55579556
0.5738988899999999
0.618908
0.69191971
0.7951445
0.9245479600000001
1.06000023
1.1840489200000002
1.29251251
1.39010605
1.47346344
1.51418472
1.47935989
1.3549577300000002
1.15486809
0.91936134
0.6902800000000001
0.49691826
0.35128574
0.24414431
0.16220657
0.09590988
0.03134537
-0.04426291
-0.13098685
-0.21753292
-0.29545319
-0.36212349000000005
-0.41435204
-0.45959278
-0.52099987
-0.6158083
-0.73896698
-0.86176788
-0.9489531700000001
-1.00397377
-1.08967468
-1.2931158400000002
-1.6704661600000001
-2.19452103
-2.73663574
-3.1185342400000002
-3.22979401
-3.12481293
-2.96314972
-2.83569916
-2.6987149
-2.48447342
-2.19615616
-1.8712970000000002
-1.53637161
-1.20666267
-0.8815256499999999
-0.56299717
-0.28712986
-0.09586348
0.01265332
0.06735818
0.0844784
0.07345584
0.04418418
-0.00034707000000000005
-0.05035596
-0.08895325
-0.11275159000000001
-0.12432323
-0.12563247
-0.13146332
-0.16088055
-0.22840412000000002
-0.34180336
-0.47403965
-0.55552673
-0.52310829
-0.37895294
-0.19633909
-0.053991220000000006
0.0235433
0.05404769
0.07432078
0.12832648000000002
0.22707439000000001
0.34450771
0.45924122
0.55643108
0.62689507
0.6777583300000001
0.7145794700000001
0.7379355599999999
0.74268219
0.71929436
0.6814376799999999
0.64730347
0.6076024600000001
0.54803387
0.46179428
0.34988875999999997
0.22585429999999998
0.10491336000000001
0.007658460000000001
-0.04743307
-0.06243585000000001
-0.04659406
-0.01833339
-0.010155019999999999
-0.03549441
-0.06680153
-0.06377094
-0.0283281
-0.00678357
-0.03601213
-0.11736352
-0.2341851
-0.37820961
-0.55262203
-0.76349365
-1.01228661
-1.27512032
-1.50806717
-1.68494553
-1.8219807399999999
-1.96152039
-2.11659653
-2.24899078
-2.2980400100000002
-2.21249741
-1.9792684900000002
-1.61250427
-1.13492233
-0.6134626
-0.15770511
0.15009714000000002
0.30304028
0.36504875
0.42153683000000003
0.51566803
0.6221954000000001
0.69163795
0.72375809
0.7681036400000001
0.85938148
0.99079857
1.14525269
1.3070024100000002
1.43836395
1.50706696
1.52384064
1.51321365
1.49244766
1.4717304999999998
1.44095139
1.3718187000000002
1.2390033
1.04445534
0.8148274200000001
0.58677406
0.40391678
0.28288654
0.18863491
0.07510242
-0.07201408
-0.23532934000000003
-0.38814438
-0.5120422400000001
-0.59207474
-0.60258514
-0.5091477600000001
-0.29230896
0.0186594
0.33767155000000004
0.5748082
0.71140579
0.8042635300000001
0.9139843000000001
1.05165031
1.1827378100000001
1.267267
1.30083664
1.30299637
1.2838836699999998
1.23732124
1.13934547
0.96761955
0.73758423
0.5008049
0.30710318000000003
0.1817465
0.13256003
0.14680916
0.18579626000000002
0.20771528
0.18907395999999999
0.12736409
0.04195278
-0.02606332
-0.04310482
-0.0209185
-0.0034210800000000004
-0.02830818
-0.10476602
-0.20815306
-0.29906525
-0.35528866000000003
-0.38816879
-0.41912640000000007
-0.44824532
-0.45707394
-0.4164592
-0.30299040000000005
-0.13521578
0.02649872
0.1264716
0.1521644
0.13108589
0.09982891
0.07592545
0.057452210000000004
0.04365664
0.03437213
0.02078601
-0.00206154
-0.02620582
-0.033887839999999995
-0.01259741
0.02708157
0.061189200000000006
0.08051681000000001
0.09923667
0.13083329000000002
0.17484324999999998
0.22583138000000003
0.26886402000000004
0.28149139
0.24923153
0.17658152000000002
0.08783718
0.01135707
-0.033105880000000004
-0.04884564
-0.06714076000000001
-0.11368677
-0.18363426000000002
-0.25128695
-0.29128609
-0.29752859000000004
-0.28566908
-0.28349684
-0.30973202
-0.35443748
-0.39195904
-0.40660793
-0.40779518000000003
-0.42789349000000004
-0.49047047
-0.57670845
-0.63131577
-0.61417294
-0.54643066
-0.48999821
-0.48694350999999997
-0.52430748
-0.55079502
-0.52480793
-0.4492514
-0.36581596
-0.30831263000000003
-0.27009121
-0.22680298000000002
-0.16773115000000002
-0.1049051
-0.059665710000000004
-0.03420508
-0.009329520000000001
0.0281702
0.06978946
0.10045458
0.11796058000000001
0.12908558
0.14111266
0.1582785
0.18027553999999998
0.21103849
0.25950136
0.32317333
0.38316708
0.42655109
0.46301418
0.50911163
0.56551151
0.61035458
0.62173504
0.60913166
0.60073208
0.6100605
0.6283333600000001
0.6378418
0.63455189
0.63199539
0.64093307
0.65661957
0.6669775400000001
0.66716286
0.6553220399999999
0.62363094
0.5640632200000001
0.47536648
0.37143107999999997
0.2769396
0.20622849
0.15669491000000002
0.11759206000000001
0.08045315
0.04275678
0.00493335
-0.03154495
-0.06544432
-0.08951722999999999
-0.09029287999999999
-0.06327388
-0.01857195
0.021746230000000002
0.030269439999999998
-0.010201640000000001
-0.09770448999999999
-0.20979317000000003
-0.31043659
-0.3736739
-0.40081902
-0.40963776
-0.41413338000000005
-0.41479034
-0.40035896000000004
-0.35947849
-0.29148726
-0.21174032
-0.14949461
-0.12673726000000002
-0.1365226
-0.15034864
-0.14751505
-0.13323271
-0.12600778
-0.13894886
-0.1765535
-0.2375112
-0.31667048000000003
-0.4014975
-0.47019505000000006
-0.5053783399999999
-0.50966877
-0.50060894
-0.48899437
-0.47014622000000006
-0.43972839
-0.40691710999999997
-0.38400042999999995
-0.37030022
-0.35455612000000003
-0.32733303
-0.28798677
-0.24231373000000003
-0.19336832
-0.14152018
-0.09064226
-0.04472066
-0.00163846
0.04440873
0.08966929
0.11600002
0.10679995
0.06223882
0.00018617999999999998
-0.0570426
-0.09994120000000001
-0.13211551
-0.1588898
-0.18262751000000002
-0.20517008
-0.23001162
-0.25843676
-0.28441109000000003
-0.29899353
-0.30200764
-0.30526392
-0.32050152
-0.34766357
-0.3728894
-0.37288265000000004
-0.32993
-0.25028511000000003
-0.16616915
-0.11343122
-0.10000691
-0.09839062999999999
-0.07238921000000001
-0.012618720000000002
0.05452249
0.0978697
0.11329469
0.11802021
0.12688621
0.14011993
0.14891464
0.14981313000000002
0.15128942
0.16552601
0.19310329
0.22031801
0.23560656000000002
0.24027811000000002
0.24265688000000002
0.25116911000000003
0.26874498
0.28838657
0.29814255
0.29078346
0.26920736
0.24337999000000002
0.22273066
0.21167539999999999
0.20407931999999998
0.18444166
0.14233102
0.08111823
0.01544949
-0.03903906
-0.07655741
-0.09856144
-0.1065508
-0.10167881
-0.0891407
-0.07862387
-0.0761973
-0.08014467
-0.0864439
-0.09843389000000001
-0.12569458
-0.16822351000000002
-0.21332989000000002
-0.24636118
-0.259359
-0.25783606
-0.25495457
-0.25826591
-0.26272234
-0.25103949000000003
-0.20870911
-0.13953015000000002
-0.06190098
0.00463139
0.05150639
0.08660842
0.12331327
0.16003532
0.17942907000000002
0.17035967
0.14131691
0.11188613
0.09361851
0.07911698
0.05508017
0.024991910000000003
0.00972479
0.02467666
0.06242351
0.10075929
0.12496842
0.13753881
0.14558666
0.14638825
0.13513546
0.1198892
0.11656424
0.13410172
0.16507149
0.18979229
0.19684383
0.19345517999999998
0.19396076
0.20443495
0.21727433999999998
0.22269827
0.21953062
0.21035175
0.19776707
0.18476385
0.17345312
0.16674255
0.16806380999999998
0.17695751
0.18671392
0.18822336
0.18020018000000002
0.17534138
0.19170147
0.23432167
0.28568186
0.32089108000000005
0.33305145
0.33444645
0.33396957
0.32535877
0.29893833000000003
0.25773033
0.21979271
0.20360754
0.21178516
0.23245783
0.25258926
0.26712893000000004
0.2811175
0.30644438
0.35170689000000005
0.40873581000000003
0.45356781
0.46428406000000005
0.43357239000000003
0.36911259
0.28829399
0.20896973
0.14050176
0.08307114
0.03538004
0.0017540700000000002
-0.0073988299999999995
0.01247126
0.046338080000000004
0.06980263
0.07142507000000001
0.05756151
0.041343
0.030812390000000002
0.024616060000000002
0.01365
-0.01303329
-0.0596477
-0.12216086000000001
-0.1904884
-0.24855989
-0.28134573
-0.28661509
-0.27744505
-0.26750368
-0.25041418
-0.20348776000000002
-0.11772634
-0.01506788
0.07002612
0.12178043000000001
0.14844618
0.16166129999999998
0.16392481
0.15224377
0.12617073
0.09452677
0.07202698
0.06782981
0.07747442
0.08487256
0.07525575
0.0472169
0.0129383
-0.011683200000000001
-0.01934226
-0.01460424
-0.006577190000000001
-0.0035190300000000002
-0.01215473
-0.03502447
-0.06754457999999999
-0.09680499
-0.10776311
-0.0989827
-0.08641075000000001
-0.08675777999999999
-0.10268370000000002
-0.12516215
-0.14450110000000002
-0.15454520000000002
-0.15270337
-0.14127117
-0.12256558000000001
-0.09328656
-0.050616560000000005
-0.0037172200000000002
0.02833613
0.03699646
0.036826660000000004
0.0504449
0.08335006
0.11374096
0.1103014
0.06374744
-0.00422416
-0.06263591
-0.09896997
-0.12496013
-0.15746588
-0.20292946
-0.25608755
-0.30623796
-0.34555164
-0.3674044
-0.36516621
-0.34241055000000004
-0.31988901
-0.32298321
-0.35432277999999995
-0.38655022000000006
-0.38698391000000004
-0.34906413999999997
-0.29881512
-0.26330833
-0.24487682
-0.23203233999999998
-0.21967745000000002
-0.21297626000000003
-0.21645773
-0.2284403
-0.24439824999999998
-0.26232552
-0.28741304
-0.32258553
-0.35883045
-0.38650471000000003
-0.40708775
-0.42710265999999997
-0.44609917000000004
-0.45656300000000005
-0.45563084000000004
-0.45178013
-0.45400513
-0.45309917
-0.42515587
-0.36187332
-0.28720116
-0.23400703
-0.20911968000000003
-0.19050608000000002
-0.15662813
-0.10682728
-0.05243143
-0.0042438300000000005
0.027225290000000003
0.033789950000000006
0.014572560000000002
-0.02343677
-0.06580623000000001
-0.09753534
-0.11312109
-0.11883862
-0.12660418
-0.13901905
-0.14548752
-0.14075075
-0.13318465
-0.13109695999999998
-0.13235945
-0.12919853
-0.11804496
-0.1045812
-0.09959891000000001
-0.10307924
-0.09678241
-0.06247421
-0.00195074
0.062274750000000004
0.10494863
0.12106324000000002
0.1258285
0.13303874000000002
0.14208811000000002
0.14128311999999998
0.12197868
0.09438901
0.07889509
0.07737362
0.06895308
0.03420289
-0.02383047
-0.07746846
-0.09899729000000002
-0.09074935999999999
-0.07943846
-0.08388686999999999
-0.10053375
-0.11386805000000001
-0.10839638000000001
-0.07836316
-0.03394933
0.0070272500000000005
0.03276176
0.04494368
0.05661875
0.0783049
0.10797636000000001
0.13694221
0.16017223000000003
0.17918636
0.19740446
0.21436502000000002
0.22709698
0.23845112000000002
0.25796103
0.28998962
0.32559624
0.35024994
0.35870209000000003
0.35921295000000003
0.36369911000000005
0.37486374
0.38379753
0.38456043
0.38412579
0.39142357
0.40518627
0.41501755
0.4124995
0.39919117
0.38048077
0.35669353000000004
0.32380325
0.27963146
0.22577418999999999
0.16689671
0.11244557000000001
0.07075628
0.04106074
0.02062717
0.01470152
0.031690130000000004
0.06827245
0.10335218
0.11252793000000001
0.08890356
0.04906388
0.01535629
-0.00715081
-0.028602
-0.05562741
-0.08313882
-0.10049483000000001
-0.09780406
-0.06786361
-0.0164651
0.03400601
0.06420394
0.07387657
0.07679957
0.08319874000000001
0.08843372000000001
0.08087746
0.055847980000000005
0.02066584
-0.01311917
-0.03777086
-0.04445187
-0.02293672
0.027334
0.09312464000000001
0.15457855
0.19787985
0.22201031000000002
0.2307369
0.22470737
0.20587517
0.17973032
0.14806003
0.10848449
0.06595819
0.036965569999999996
0.034841910000000004
0.05350415
0.07256788
0.07923507
0.07784949000000001
0.07651419
0.07527464
0.07022547
0.06042186
0.04843785
0.03498446
0.01668049
-0.0040614
-0.01562444
-0.01395799
-0.01263091
-0.02896694
-0.06673528000000001
-0.11357412
-0.15233156
-0.17536949
-0.18896446
-0.20442732
-0.22379662
-0.23818653
-0.24186487
-0.23403258999999998
-0.2084486
-0.16253443
-0.111225
-0.07611364
-0.0654258
-0.06814798
-0.06775125
-0.0583003
-0.044263250000000004
-0.03357669
-0.030501920000000002
-0.03079655
-0.02444333
-0.0017665
0.03538087
0.06929232
0.08137976999999999
0.06912834
0.04745357
0.03096188
0.01903165
0.00511382
-0.01287196
-0.03579671
-0.06321708000000001
-0.0880397
-0.09468417000000001
-0.06894831
-0.01924702
0.01886541
0.01334165
-0.02820667
-0.0636792
-0.06217835
-0.0322292
-0.00267612
0.00834079
0.00250442
-0.00987507
-0.02164844
-0.02945602
-0.03369306
-0.04000996
-0.05199322000000001
-0.06174242
-0.05228911
-0.01431924
0.03892909
0.07856694
0.08300419
0.05270871
0.00402273
-0.04472165
-0.08119726999999999
-0.10572734
-0.12951115
-0.15829618
-0.18268391
-0.18640263
-0.16212822
-0.11938551
-0.07362685000000001
-0.02929071
0.023237160000000003
0.09277219
0.17055031
0.23541983
0.27351812
0.28715809000000003
0.28640911
0.27306299
0.23626726
0.16497520000000002
0.06552282
-0.030859990000000004
-0.08826675
-0.09516835000000001
-0.06521689
-0.01864995
0.0319004
0.08492564
0.14214968
0.197428
0.23622732
0.24924613999999998
0.24123627
0.223281
0.20266521
0.17672691000000001
0.13577158
0.07661715000000001
0.00618393
-0.06515494000000001
-0.12630885
-0.16880817
-0.1889743
-0.18531796
-0.15821546
-0.11405030000000001
-0.06931154
-0.04641026
-0.058201020000000006
-0.09355385999999999
-0.12630422
-0.14653216
-0.17259765999999999
-0.22464687000000003
-0.29842388000000003
-0.36802067
-0.4054649
-0.40116467
-0.36874256000000005
-0.32688984
-0.28364416
-0.24327318000000003
-0.21296614000000003
-0.19431734
-0.18190361
-0.17132629000000002
-0.1640226
-0.16996328
-0.19923109
-0.24670023000000002
-0.29171314
-0.31591995
-0.32120422
-0.32457745000000005
-0.33529842000000004
-0.34192314
-0.32613899
-0.28922491
-0.25197132
-0.22910406
-0.21531597000000002
-0.19537275
-0.16447226
-0.1318848
-0.10492198
-0.07829831000000001
-0.03952598
0.01524822
0.07494057
0.12612273999999998
0.16317106
0.18627041
0.19619160000000002
0.19286964
0.17986687
0.16642607
0.16463717
0.18590815
0.23308657
0.29376686
0.34718113
0.37799362000000003
0.38097983999999996
0.35959412
0.32527706
0.29036139
0.26230768000000004
0.24747507
0.25020134
0.2686046
0.29666118999999996
0.32598949
0.34621628000000004
0.35150948
0.34861946000000005
0.34673241
0.34080528000000004
0.32102654
0.28973568
0.25929678
0.24128674
0.235861
0.23070084000000002
0.21368435000000002
0.18519695
0.15460367
0.12417578000000001
0.08732982
0.04062318
-0.012456140000000001
-0.06089987
-0.09164802
-0.10412657
-0.11207893000000001
-0.13094105
-0.16602184
-0.20823734000000002
-0.24301794000000002
-0.26635645
-0.28961817
-0.32721973
-0.37867073
-0.42651909000000005
-0.45432163000000003
-0.45628239000000004
-0.43175842000000003
-0.38339298
-0.32127274
-0.26554197
-0.23576039999999998
-0.23613821000000002
-0.25460691
-0.27144239
-0.27709097
-0.28101637
-0.2973872
-0.33374222000000003
-0.38805241
-0.44856777000000003
-0.50139156
-0.5395700800000001
-0.56714863
-0.59127789
-0.6117457199999999
-0.6212801
-0.6071196400000001
-0.55490372
-0.45969226999999996
-0.33206802
-0.19604942000000003
-0.08196571000000001
-0.00920731
0.030451850000000003
0.06446098
0.11370999
0.17690939
0.23382864000000003
0.2612534
0.24727901
0.19568909
0.12535594
0.06399999
0.03034202
0.01879938
0.00920623
-0.01180984
-0.041337320000000004
-0.06421841
-0.06877771
-0.058565110000000004
-0.04638741
-0.039946670000000004
-0.03344311
-0.02030751
-0.01067958
-0.02098215
-0.051576079999999996
-0.08467848
-0.10120397
-0.09288502
-0.06067129
-0.013203210000000002
0.03600958
0.07846816
0.11463595
0.1491903
0.18648087
0.22633142
0.26176298
0.28445333
0.29072056
0.28111835
0.26118970999999996
0.24214286999999998
0.23378014
0.23621925000000002
0.23844929
0.22468563
0.18822653
0.1413454
0.10595342
0.09527156
0.10724401
0.13005596
0.15195153
0.16790045
0.17805935000000003
0.18662369
0.20529624999999999
0.25005381
0.32524203999999995
0.40967551999999996
0.46645927000000004
0.46965851000000003
0.42137917
0.34839584
0.28191710000000003
0.23864128
0.22036753
0.22421465000000002
0.24822576999999998
0.28735929
0.32865089
0.35730517999999994
0.36769497
0.36585346
0.36019008999999996
0.35026955000000004
0.3277779
0.2874168
0.23361827999999998
0.17845963
0.13352591
0.10165689
0.07850374
0.06393866000000001
0.06779447000000001
0.09849057
0.14899307
0.20125547000000002
0.23994762000000003
0.25641745
0.24575844
0.20611753
0.14296404000000001
0.07359795000000001
0.021280169999999998
0.00097689
0.010822469999999999
0.03518207
0.056178679999999995
0.06621243
0.0712318
0.08257197
0.10613054999999999
0.13706185
0.16173496
0.16671967
0.15057788
0.12500125
0.10029637
0.07482112
0.04181367
-0.00135616
-0.05241276
-0.10590571000000001
-0.15473344
-0.19213322000000002
-0.21436453
-0.22306538
-0.22331301
-0.21894411000000003
-0.21048351
-0.19651430000000003
-0.17726767
-0.15617492
-0.1348549
-0.10916197000000001
-0.07507625
-0.03693171
-0.00674818
0.00512004
-0.00186407
-0.01867428
-0.03522352
-0.04984198
-0.06656265
-0.08557213000000001
-0.10286934
-0.11470399
-0.11955678000000002
-0.11805057
-0.11112661
-0.09946643999999999
-0.08423856
-0.06822892000000001
-0.055261120000000004
-0.045677209999999996
-0.03447969
-0.0157984
0.01028623
0.034039990000000006
0.042826909999999996
0.03286745
0.011630149999999999
-0.010423670000000001
-0.02879537
-0.04401453
-0.05487535
-0.05861272
-0.05592747
-0.053181240000000005
-0.057802059999999995
-0.07023448
-0.08370231
-0.0903236
-0.08570301000000001
-0.07061048
-0.04974602
-0.031162070000000004
-0.02473217
-0.035728260000000005
-0.059400940000000006
-0.08348863
-0.09886869000000001
-0.10693251000000001
-0.11381999000000001
-0.12184935
-0.13001028
-0.13854176
-0.14696754
-0.14857906
-0.13359183
-0.0991658
-0.05455755
-0.01510889
0.01044505
0.0248
0.0337591
0.03598455
0.02321891
-0.0088853
-0.053037539999999994
-0.09422308
-0.11946638
-0.12333505000000002
-0.10394873
-0.060051860000000006
0.0013119100000000001
0.06088168
0.10023858000000001
0.11780405999999999
0.12599396000000002
0.13579958
0.14999231999999998
0.16513769
0.1772776
0.18651053999999997
0.19230268
0.19018785000000002
0.17680959999999998
0.15351335000000002
0.12559072000000002
0.09710979
0.06621238
0.029562520000000002
-0.0104259
-0.04712019
-0.07682637
-0.10144732
-0.12530801
-0.15025861000000001
-0.17238700999999998
-0.18496544
-0.18659992
-0.18243534
-0.17454262
-0.15683258
-0.12378354
-0.08214851
-0.0504026
-0.04438827
-0.06452244
-0.09778938999999999
-0.13043302
-0.15756924
-0.18177721
-0.20602451
-0.23066008000000002
-0.25548326
-0.28071775
-0.30408892000000004
-0.3175787
-0.31054895
-0.28078922
-0.24088411
-0.20782995
-0.18708633
-0.17143038000000002
-0.15426941
-0.13936188
-0.13647566
-0.15018467
-0.17422731
-0.19467951
-0.19718912
-0.17461615
-0.13320396
-0.09026282000000001
-0.05907756
-0.03651692
-0.00947773
0.03006692
0.078359
0.12436016000000001
0.16002859
0.18605544999999998
0.20639309
0.22184319
0.23362
0.24547663
0.25782055
0.26709093
0.27087336
0.27075815
0.2721884
0.28027916
0.29419955999999997
0.30620951
0.31017965000000003
0.30961752000000003
0.3098871
0.30729162
0.29127905
0.25610737
0.2097436
0.16641827
0.13222793
0.10234512000000001
0.06915781
0.03313357
0.00498548
-0.0034159800000000003
0.0104145
0.03540851
0.0540389
0.055685269999999995
0.04449032
0.03416351
0.035502360000000004
0.05085701
0.07321216
0.08576900999999999
0.07145445
0.027603710000000004
-0.03107213
-0.08336734999999999
-0.11557105000000001
-0.12770093
-0.12596488
-0.11125678000000001
-0.08050716
-0.03596269
0.01356475
0.06046258
0.10500146
0.15164038
0.19800323
0.23234749000000002
0.24464964
0.23641285
0.21769964000000003
0.19689775
0.17564331
0.15388147
0.13524181000000002
0.12375042000000001
0.11794227
0.11187244
0.10319088000000001
0.09717418
0.09903022
0.10485483000000001
0.10422645
0.09065672
0.06728512
0.04301395
0.02417941
0.01063661
-0.00080318
-0.01240781
-0.02569534
-0.043586080000000006
-0.06908535
-0.09886618999999999
-0.12289167000000001
-0.13480672000000002
-0.13833191
-0.14113008000000002
-0.14604725999999998
-0.15053569
-0.15191899
-0.1506714
-0.14980893
-0.15128859
-0.15333723000000002
-0.15261026
-0.14745034
-0.13777292
-0.12285277000000001
-0.10297028
-0.08397907
-0.074593
-0.07809875
-0.08918848
-0.09831681
-0.09948924
-0.09495924
-0.09270232
-0.09874566
-0.11116306
-0.12081963999999999
-0.11820749
-0.10183225
-0.07991917
-0.0631516
-0.05673539
-0.05906134
-0.06653486
-0.07772996
-0.09266201
-0.11058802000000001
-0.12988532
-0.14938756
-0.16896435
-0.18916622
-0.21122246
-0.2367267
-0.26510899
-0.29118273
-0.30754517
-0.30892729
-0.29388981000000003
-0.26628559
-0.23457844000000003
-0.20717648
-0.19016731
-0.18626238
-0.1920956
-0.19940815
-0.20043310000000003
-0.1917568
-0.17241983000000002
-0.14130871
-0.10060516
-0.05846829
-0.02497401
-0.004417610000000001
0.008812140000000001
0.024309789999999998
0.0460881
0.06985653
0.088481
0.09869398
0.10126286000000001
0.09707919000000001
0.0861467
0.07155618
0.061738770000000005
0.06321805999999999
0.07347241
0.08537077
0.09666972
0.11299055
0.14202329
0.18710974
0.2450547
0.30689014000000003
0.36105170999999997
0.39689514000000004
0.40953762
0.40419151
0.39310997000000003
0.38634514000000003
0.38306232
0.37300956999999996
0.34899054999999995
0.31497164
0.28152672
0.25475201
0.23168858
0.20786736000000003
0.18474407
0.16985946999999998
0.1721751
0.19423813
0.22831154
0.26072735
0.27921564
0.27672277
0.25185106
0.20968267000000002
0.16069246
0.11676889
0.08665397000000001
0.07031649
0.05798409
0.039102000000000005
0.01197249
-0.01563683
-0.0334266
-0.03788383
-0.035182120000000004
-0.033673
-0.03774025
-0.04827622
-0.06375279
-0.08119642
-0.09605984
-0.10385344
-0.10629771
-0.11167826
-0.12623525000000002
-0.14671534
-0.16153875
-0.16082226
-0.14723792
-0.13701271
-0.14648779
-0.17634914
-0.21241571
-0.23793330999999998
-0.24302969000000002
-0.22925114000000002
-0.20648426
-0.18537523
-0.17330341000000002
-0.17289152000000002
-0.18117821
-0.19122332
-0.19699751
-0.19741219999999998
-0.19676190999999998
-0.20281073
-0.21929382
-0.23779512
-0.2415373
-0.22058622
-0.18344013
-0.14923411
-0.12875676
-0.11720877
-0.10253862
-0.07867085
-0.05141243
-0.032052290000000004
-0.027523230000000003
-0.035891639999999995
-0.04947113
-0.062401910000000005
-0.07446181
-0.08807085
-0.10312872000000001
-0.11530917
-0.11978224000000001
-0.11706251999999999
-0.11379205
-0.11508284
-0.11756525
-0.11342501
-0.10042214
-0.08480692
-0.07441302999999999
-0.07176598000000001
-0.07427698
-0.07894991
-0.08485993000000001
-0.0908185
-0.09305706000000001
-0.08657788
-0.06885761
-0.04221185
-0.01214919
0.015494520000000001
0.03642006
0.04939022
0.05550763
0.055521089999999995
0.04917546
0.038384770000000006
0.030304750000000002
0.03314791
0.048480960000000003
0.0709203
0.09374771000000001
0.11281701
0.1255591
0.12772952
0.11487238
0.08869576
0.06019672
0.04278555
0.041261219999999994
0.04894494
0.05435668
0.05170516
0.04456132
0.03728802
0.02796182
0.01102296
-0.017027900000000002
-0.05349329
-0.08929978999999999
-0.11388472000000001
-0.12227142
-0.11722276000000001
-0.10447704000000001
-0.08935098999999999
-0.07740898
-0.07394189
-0.08047948
-0.09114474
-0.09516147
-0.08801404
-0.07858489
-0.07890018
-0.08834702
-0.09285955
-0.07812941999999999
-0.042947160000000005
-0.00079048
0.032613949999999996
0.052178190000000006
0.06403027
0.07751719
0.09838983000000001
0.12664411
0.15723155
0.18368879
0.20401615
0.22204346000000003
0.24133772
0.2592341
0.26895729
0.26698457999999997
0.25647104
0.24385303
0.23333302
0.22506495
0.21786369
0.21221521
0.21051344
0.21545646999999998
0.22867657000000002
0.24907856
0.27120218
0.28703484
0.29117483
0.28371605
0.26722309
0.24211597
0.20723879
0.16445900000000002
0.11990914
0.08029116
0.04883725
0.024191950000000004
0.0036242200000000005
-0.013037030000000002
-0.024776080000000002
-0.033678480000000004
-0.044960839999999995
-0.06256552
-0.0867043
-0.11526716000000001
-0.14536326000000002
-0.17462929
-0.20264021
-0.23015701
-0.25735739
-0.28342163
-0.30715895
-0.32691668999999995
-0.33930416
-0.34026814
-0.32912410999999997
-0.31135662000000003
-0.29668556
-0.29109568
-0.28983429
-0.28059512999999997
-0.25451057
-0.21343229000000002
-0.16662106000000002
-0.12334004
-0.08874817
-0.06336545
-0.04472885
-0.028607920000000002
-0.01072881
0.00922238
0.025830440000000003
0.03299842
0.03175323
0.03003684
0.0344886
0.045728359999999996
0.060987980000000004
0.0787557
0.09907487
0.1195472
0.13458553
0.14006647
0.13694528
0.12970038
0.12194502
0.11363898000000001
0.10195106
0.08466988
0.06307109
0.0409884
0.02130209
0.00472384
-0.00817331
-0.014442980000000001
-0.00928037
0.00863475
0.03301048
0.053385049999999996
0.06215559
0.05846063
0.04685454
0.03228316
0.01642122
-0.0006851100000000001
-0.017750870000000002
-0.03232148
-0.041408820000000006
-0.041908570000000006
-0.03177139
-0.01183057
0.01323933
0.037908040000000004
0.05948272
0.07727304
0.09021074000000001
0.09665122999999999
0.09508902000000001
0.08556591
0.0713389
0.05765058
0.049490900000000004
0.0513577
0.06650942
0.09458503
0.12947667
0.16054818999999998
0.17842026
0.18152128
0.17687868
0.17283258
0.17217493
0.17269895999999998
0.17132352999999997
0.16643078
0.15695339
0.14173203
0.12066273000000001
0.09565361
0.07149636000000001
0.05396609
0.04549168
0.04403201
0.045868729999999996
0.04933014
0.054983040000000004
0.06238782
0.06879913
0.07082811
0.06806372
0.06514122
0.06754216
0.0745596
0.07717923
0.06493252000000001
0.03618217
0.00014479
-0.03167441
-0.054209059999999996
-0.0675356
-0.06924136
-0.05268519000000001
-0.014611840000000001
0.03619486
0.08155938000000001
0.10777751
0.11382438
0.10661775000000001
0.09352413000000001
0.07984337
0.06962414
0.06494758
0.06272882
0.05462061000000001
0.03470569
0.00690725
-0.018707190000000002
-0.034099460000000005
-0.03639619
-0.02747269
-0.011788110000000001
0.005002250000000001
0.016335409999999998
0.0177238
0.00948437
-0.005390000000000001
-0.025740310000000002
-0.052420850000000005
-0.08302421000000001
-0.10948843999999999
-0.12212358999999999
-0.11501955000000001
-0.08872859999999999
-0.05003934
-0.01077599
0.01566158
0.020832609999999998
0.0063495
-0.017233369999999998
-0.038168150000000005
-0.05105193
-0.057655120000000004
-0.06275178000000001
-0.06914934
-0.07474188
-0.07339814
-0.060092910000000006
-0.03595026
-0.00733181
0.01877757
0.03800016
0.04898349
0.05156931
0.04595962
0.033641290000000004
0.016946390000000002
-0.0024624
-0.02347443
-0.044238160000000006
-0.06235315
-0.07648642
-0.08700521
-0.09486765999999999
-0.09983156
-0.09993043
-0.09248438
-0.07559499
-0.05057487
-0.02332985
-0.00212243
0.0069177
0.00352915
-0.00725893
-0.02003222
-0.03336506
-0.04809081
-0.06097581
-0.06407389000000001
-0.051399150000000005
-0.0248176
0.00592764
0.03032327
0.04447628
0.05105747
0.05449348
0.057303990000000006
0.06041867
0.06534764
0.07310659
0.08133048000000001
0.08615443
0.08589439
0.08020211
0.07076595000000001
0.0631106
0.06058928
0.05979621
0.05600275
0.049756770000000006
0.04615488
0.047813390000000004
0.052269090000000004
0.05555687
0.054242080000000005
0.04694148
0.034656189999999996
0.01900796
0.00311682
-0.00699278
-0.00697399
-0.00036145
0.00383812
-0.00160891
-0.017562480000000002
-0.037628560000000005
-0.05372963000000001
-0.06228846
-0.06186801
-0.050565
-0.031248610000000003
-0.01249746
-0.00128785
0.00066186
-0.004166830000000001
-0.01270374
-0.02513534
-0.04257094
-0.062317220000000006
-0.07803575
-0.08547521
-0.08644101
-0.08523813000000001
-0.08453665
-0.08456167
-0.08387991
-0.08086919999999999
-0.0727832
-0.056824849999999996
-0.03654279
-0.022812990000000002
-0.025444309999999998
-0.046651530000000004
-0.08072469
-0.11674627
-0.14492685
-0.16206139
-0.17059822
-0.17340046
-0.17002899
-0.15815995
-0.13733947000000002
-0.11290119000000001
-0.09462306
-0.08763325999999999
-0.08870120999999999
-0.09304119
-0.09946422
-0.10734689
-0.114388
-0.11952076
-0.12511532
-0.13699279
-0.15904556
-0.18668505
-0.20948435
-0.21834024
-0.20973612
-0.18606026
-0.15411333000000002
-0.12318682000000002
-0.10249529000000002
-0.09941127
-0.11667215
-0.14976056000000001
-0.18906534
-0.22372812
-0.24130447000000002
-0.22799137000000003
-0.17811769000000002
-0.10308604
-0.025096790000000004
0.03744326
0.07651024
0.09041295
0.0811237
0.05719803
0.0335539
0.02426802
0.03204936
0.04447785
0.04402793
0.022989480000000003
-0.00975387
-0.03610647
-0.04309135000000001
-0.029923510000000004
-0.00588452
0.01674787
0.029834160000000002
0.030530230000000002
0.01906307
-0.0022972400000000003
-0.028780009999999998
-0.053449790000000004
-0.07027811
-0.07676071000000001
-0.07412086999999999
-0.06472178
-0.048702810000000006
-0.0253842
0.00291331
0.03024288
0.050279800000000006
0.0602452
0.06081048
0.05380302000000001
0.04162065
0.02759914
0.01514353
0.00463908
-0.00806713
-0.02761075
-0.052798109999999995
-0.07591214
-0.09001015000000001
-0.09539225999999999
-0.09731692000000002
-0.09880711
-0.09733051
-0.08861185
-0.07198931
-0.050993630000000005
-0.02948317
-0.00795045
0.015621330000000001
0.0422326
0.07123378
0.10218523
0.13552207
0.1712542
0.20720243
0.23865314
0.25979931
0.26581083
0.25435612
0.22666447
0.18863039
0.14981429000000002
0.11911239
0.10102912
0.09498424999999999
0.09625508
0.09807112
0.09398669
0.07999929
0.05684705
0.030330680000000002
0.00801409
-0.00535984
-0.00996405
-0.00918465
-0.0060861100000000005
-0.00116405
0.006451210000000001
0.01618831
0.02547228
0.03227031
0.03780488
0.045764950000000006
0.05884028
0.07570774000000001
0.09103775000000001
0.09935093
0.09846594
0.08987011
0.07708809999999999
0.06280115
0.04761163
0.031974840000000004
0.018113030000000002
0.00908683
0.0071391300000000005
0.01313518
0.025559219999999997
0.04084931
0.05562276
0.0685279
0.08090929
0.09431201
0.10758106
0.11787505
0.12374624000000001
0.12694319
0.1304886
0.13559486
0.14115287
0.14489821
0.14545425
0.1432668
0.13946937
0.13473231
0.12882498
0.12095046999999999
0.11019364
0.09653109000000001
0.08214141
0.07010338
0.06164163
0.055771600000000005
0.05158952
0.049104510000000004
0.04684952
0.040841880000000004
0.027038250000000003
0.00456123
-0.02298439
-0.04927917
-0.06881853
-0.07919391
-0.08037303
-0.07319802
-0.059509179999999995
-0.042740520000000004
-0.02734877
-0.01691621
-0.012925450000000002
-0.01531912
-0.023089949999999998
-0.03464106
-0.04812111
-0.06099138
-0.06970734
-0.0701687
-0.05921185
-0.037719130000000003
-0.012775110000000001
0.00511903
0.00851652
-0.0032764300000000003
-0.025962139999999998
-0.05324269
-0.07834508999999999
-0.09570076999999999
-0.10304829
-0.10251283000000001
-0.09991785
-0.1013538
-0.10849500000000001
-0.11730047
-0.1213186
-0.11662642000000001
-0.10406791
-0.08722842
-0.06995717
-0.055639329999999994
-0.04712933
-0.04610418
-0.05128547
-0.05800585
-0.06067063
-0.05587976
-0.04413394
-0.029247640000000002
-0.01564835
-0.00586198
-0.0001326
0.00270746
0.0042242
0.00569484
0.007927189999999999
0.01100802
0.014321980000000002
0.01720306
0.019710000000000002
0.02278698
0.02740313
0.03382155
0.04170949
0.050614070000000004
0.0606543
0.07282005
0.08830482999999999
0.10741116
0.12849698
0.14788758
0.16248152000000002
0.17235119000000002
0.17915335
0.18294828
0.18139381000000002
0.17179384
0.15388013
0.13078599000000002
0.10789299
0.08979663
0.07860496
0.07465124000000001
0.07630896
0.08062193000000001
0.08504252
0.08793049
0.08881602000000001
0.08749369
0.08180662
0.06780062
0.044120730000000004
0.01566199
-0.00960936
-0.02658647
-0.03495359
-0.03741387
-0.036837100000000005
-0.034779290000000004
-0.032302580000000004
-0.030911400000000002
-0.031883270000000005
-0.03564801
-0.04324927
-0.057187640000000005
-0.07842965
-0.10291287
-0.12192101
-0.12691322
-0.11643751999999999
-0.09777563
-0.08056767000000001
-0.070651
-0.06892632
-0.07337914
-0.08225127
-0.09540213
-0.11254213
-0.13070723
-0.14467375000000002
-0.15034203
-0.14721774
-0.13847707
-0.12901415
-0.12282087000000001
-0.12174851
-0.12548392
-0.13164532
-0.13630961
-0.13654470999999999
-0.13317623
-0.12983243
-0.12949774
-0.13242098
-0.13728887
-0.14381862
-0.152289
-0.16081240000000002
-0.16499255999999998
-0.16046501
-0.14656984
-0.12866448
-0.11479353
-0.10797299
-0.10323317
-0.09383632
-0.07888236
-0.06329587
-0.05203066
-0.04570635
-0.040726389999999994
-0.033221509999999996
-0.022623690000000002
-0.010900030000000002
-5.1460000000000005e-05
0.0093451
0.018377980000000002
0.02858899
0.041681970000000006
0.05911609
0.07885586
0.09478270999999999
0.10213844999999999
0.10237848
0.10151842999999999
0.10392581000000001
0.1081483
0.10912158
0.10385033
0.09350292
0.081161
0.07000303
0.06252373
0.05975236
0.06078291
0.06249146
0.06104563
0.05563424
0.0502243
0.05000866
0.05602688
0.06388071000000001
0.06766473
0.06553600000000001
0.061258299999999995
0.06019946
0.0645437
0.07136761
0.07436702
0.06838632
0.053038499999999995
0.03263175
0.013522900000000001
0.00094519
-0.00358551
-0.00349188
-0.005583050000000001
-0.01539286
-0.032843710000000005
-0.0518567
-0.06422661
-0.06463222
-0.052469919999999996
-0.030936720000000004
-0.00542736
0.01923746
0.03995717
0.0528353
0.052548950000000004
0.03612478
0.006517950000000001
-0.02654995
-0.049720940000000005
-0.05294969
-0.03481443
-0.00239409
0.0320963
0.056034940000000005
0.0621241
0.051619240000000004
0.03236518
0.01353916
0.00027595
-0.00811194
-0.01518724
-0.023310490000000003
-0.031969630000000006
-0.039187240000000005
-0.04348883
-0.043606160000000005
-0.03738908
-0.022820649999999998
-0.00122699
0.02048815
0.03270927
0.02901698
0.009122139999999999
-0.021738559999999997
-0.05457522
-0.07936847000000001
-0.08852726000000001
-0.07984107
-0.057482860000000004
-0.0293608
-0.00256023
0.01899962
0.034949390000000004
0.04751756000000001
0.05858852
0.06801355
0.0743662
0.07589851
0.07152201
0.06045392
0.041014350000000005
0.01315612
-0.01723984
-0.03935129
-0.04367728
-0.02741589
0.00473682
0.04426333
0.08321012
0.11432882
0.13008444000000002
0.1259423
0.10472743
0.07614021
0.05054608
0.03343989
0.0258621
0.026799080000000003
0.03381559
0.043380049999999996
0.05215128
0.058646830000000004
0.06366561
0.06882567
0.07461058000000001
0.07994034
0.08291809000000001
0.08098658
0.0716163
0.054405260000000004
0.03283131
0.01394123
0.004753220000000001
0.007550660000000001
0.018606460000000002
0.03084713
0.03797985
0.03791972
0.03355444
0.02988453
0.02972442
0.03198012
0.033194390000000004
0.03045029
0.023919419999999997
0.01702929
0.014056390000000002
0.016578660000000002
0.02121788
0.02178825
0.014163889999999998
-0.00107426
-0.019691
-0.03678423
-0.04922957
-0.056126709999999996
-0.05796533
-0.05589549
-0.05086227
-0.0427025
-0.031051799999999997
-0.017341310000000002
-0.00488518
0.0031962400000000004
0.00573878
0.0029140700000000004
-0.005649309999999999
-0.02067021
-0.04065601
-0.06093689000000001
-0.07653344
-0.08543204
-0.08815816
-0.08492364000000001
-0.07496248999999999
-0.058932450000000004
-0.04033377
-0.02405645
-0.014252009999999999
-0.012923180000000001
-0.018980610000000002
-0.027433480000000003
-0.030286620000000004
-0.021487799999999998
-0.00234902
0.019567479999999998
0.03739733
0.04949884
0.057478480000000005
0.062217089999999996
0.06292955
0.05930271
0.05299786
0.04575516
0.03721802
0.026338530000000002
0.014215930000000002
0.00429371
5.1e-06
0.00261764
0.01019763
0.01866506
0.02493895
0.02795524
0.02687649
0.02013855
0.00613812
-0.014471719999999999
-0.03649169
-0.05226006
-0.05781099000000001
-0.05658612
-0.05598365
-0.06008443
-0.06629824000000001
-0.06914345
-0.06663932
-0.06198381000000001
-0.05904782
-0.057860430000000004
-0.055211699999999996
-0.04799931
-0.03452294
-0.014063840000000001
0.01253204
0.04131838
0.06505336
0.07625203
0.07150924
0.05333306
0.02851066
0.00477273
-0.011566940000000001
-0.01680267
-0.01074117
0.00370608
0.022303890000000003
0.04151775
0.05973739
0.07711718000000001
0.09454364
0.11207182
0.12813121
0.14069194
0.14858271
0.15161011
0.15016183
0.14462519000000001
0.13502353
0.12162353
0.10571484
0.08917481000000001
0.07347596
0.058882830000000004
0.04415136000000001
0.027745540000000003
0.00978302
-0.007221
-0.01976576
-0.02594477
-0.02657487
-0.024437769999999998
-0.023334030000000002
-0.02751985
-0.040370600000000006
-0.06191038
-0.08774953
-0.1117845
-0.13085657
-0.1462418
-0.16027748
-0.17270797999999998
-0.18078526
-0.1826091
-0.17994297
-0.17703482
-0.17663958000000002
-0.17777445
-0.17799587
-0.17720835000000001
-0.17757723
-0.18045940000000002
-0.18498482
-0.18882208
-0.18964649000000003
-0.18618832000000002
-0.17798391
-0.16477129000000001
-0.14657103
-0.12443654000000001
-0.10119314
-0.08058132000000001
-0.06501887
-0.05407808
-0.04513234
-0.03601819
-0.02701377
-0.01999194
-0.01604283
-0.014078779999999999
-0.011562730000000002
-0.006422949999999999
0.0013597300000000002
0.01014048
0.018928860000000002
0.02825157
0.03806173
0.045789540000000004
0.048372729999999996
0.04658723
0.04534775
0.04911825
0.05773379000000001
0.06741977
0.07508335
0.07985411
0.08240247
0.08355259999999999
0.08253099000000001
0.07808201000000001
0.07053236
0.06175621
0.05375715
0.04748514
0.04350639
0.042475500000000006
0.044337400000000006
0.04734174000000001
0.0474624
0.040419140000000006
0.024930900000000002
0.003578
-0.01854024
-0.03545285
-0.042109560000000004
-0.0366949
-0.021021960000000003
0.00120331
0.025495640000000003
0.04745754
0.06389414
0.07338795000000001
0.07613093
0.07313766000000001
0.0658077
0.056001060000000005
0.04589680000000001
0.03767051
0.03314008
0.03318465
0.03669504
0.03983366
0.03767302
0.02775813
0.01191675
-0.00513098
-0.01867061
-0.02589578
-0.025618470000000004
-0.017995300000000002
-0.005011020000000001
0.01009739
0.024200759999999998
0.03655348
0.050261
0.06898695
0.09210021
0.11445814
0.13058611
0.13821694
0.13771737
0.13002631
0.11682256
0.10157767
0.08851133000000001
0.08048243
0.07859628
0.08267211
0.09108837
0.10050696
0.10632251000000001
0.10409573
0.09092111
0.06702242
0.03704035
0.00798715
-0.01475743
-0.02909801
-0.03510938
-0.03316847
-0.02297482
-0.005463630000000001
0.014582870000000001
0.03086499
0.03980644
0.04030452
0.03156336
0.0136375
-0.010770150000000001
-0.03692378
-0.06052681
-0.07949806
-0.0939907
-0.10408391
-0.10821044
-0.1054008
-0.09759924
-0.08877929
-0.08251355
-0.08000545
-0.07977694
-0.07914359
-0.07655778
-0.07267758
-0.06885946
-0.06458717
-0.05622764
-0.03957206
-0.01467801
0.012159979999999999
0.03238553
0.04196163000000001
0.04323829
0.04207979
0.04446981
0.05267748
0.06435902
0.0751035
0.0805757
0.07880863
0.07214826
0.06555638
0.06254171
0.06321993000000001
0.0650406
0.06535947
0.06451451999999999
0.06485314
0.06707600000000001
0.06940298
0.06901127
0.06376710000000001
0.053986910000000006
0.04281589
0.034350860000000004
0.031485189999999996
0.0349406
0.04222994
0.048228980000000005
0.04921918
0.04534632
0.03846128
0.02943554
0.01765758
0.00239721
-0.015266070000000001
-0.0323868
-0.046725779999999995
-0.05897461
-0.07144674000000001
-0.08559965
-0.10196516000000001
-0.12058118000000001
-0.14019852
-0.15828056000000001
-0.17210245000000002
-0.17925283
-0.17846121
-0.17129879
-0.16192025999999998
-0.15405212000000001
-0.14850306
-0.14402762
-0.1398039
-0.13653634
-0.13600651
-0.13932248
-0.14549297
-0.15208543000000002
-0.15640415000000002
-0.15594635
-0.14867923
-0.13367397
-0.11202394
-0.08714553000000001
-0.06346387
-0.044023120000000006
-0.02953928
-0.01953202
-0.01353407
-0.01118396
-0.01120374
-0.01078805
-0.00696938
0.00102389
0.010952
0.01977236
0.02643631
0.03192585
0.037039970000000005
0.04050159
0.03973062
0.03375364
0.024345580000000002
0.01424421
0.005469910000000001
-0.00063633
-0.00300254
-0.00166564
0.00087246
0.00096921
-0.0025534000000000004
-0.007343290000000001
-0.0101297
-0.009735430000000002
-0.0074481
-0.00435452
0.00079786
0.00964082
0.02056056
0.02881481
0.030475110000000003
0.02567376
0.01811708
0.01165311
0.0075046
0.0048493
0.0038974599999999997
0.00723897
0.01719109
0.03306665
0.05152058
0.06867666
0.08200355000000001
0.09066415
0.09486061
0.09558218
0.09501081
0.09591887
0.09955526
0.10474907
0.10887759000000001
0.10983171000000001
0.10825773
0.10705864999999999
0.10846634999999999
0.11237405
0.11668208000000001
0.11874727
0.11670044000000002
0.10954961
0.09686003
0.07922362
0.059062409999999996
0.040374020000000004
0.026966920000000002
0.020421909999999998
0.01946058
0.02090057
0.02136044
0.01884752
0.01307855
0.004442710000000001
-0.00650911
-0.01882973
-0.03189275
-0.04557362
-0.05883315
-0.06933539
-0.07521743
-0.07700128
-0.07706299999999999
-0.07791362
-0.08117086999999999
-0.08674379
-0.09386566
-0.10247721
-0.11192113000000001
-0.1198697
-0.12394841
-0.1235409
-0.11868071000000001
-0.10812846000000001
-0.09006569
-0.06463158
-0.03591747
-0.01011896
0.00916685
0.02240448
0.03135663
0.03667362
0.038614760000000005
0.03907944
0.04181373
0.049849410000000004
0.06253578
0.07582423
0.08565356
0.09131112999999999
0.09557357
0.10154797
0.11056132
0.12285188
0.13840037000000002
0.15572355000000002
0.17094103000000002
0.17980124
0.17977003
0.17049791
0.15350116
0.13173543000000001
0.10987714999999999
0.09276622
0.08225502000000001
0.07646631000000001
0.07180807
0.06589025999999999
0.05848366000000001
0.04987877
0.03968738
0.02733191
0.013071170000000002
-0.00189992
-0.016490400000000002
-0.030246949999999998
-0.042612500000000005
-0.05253519
-0.05976443
-0.06604961000000001
-0.07403922
-0.08504969
-0.09787838000000001
-0.10935919999999999
-0.11634956
-0.11752976000000001
-0.11376865000000001
-0.10711230000000001
-0.09923992000000001
-0.09121224
-0.08394865
-0.07769942
-0.07172169
-0.06505352
-0.057870200000000004
-0.052192220000000004
-0.04990287
-0.04985722
-0.04848687
-0.04343379
-0.035821450000000005
-0.028877419999999997
-0.02454494
-0.02208119
-0.02016134
-0.01907526
-0.02005192
-0.02316922
-0.02705991
-0.03055163
-0.03351997
-0.03634365
-0.03888768
-0.03991952
-0.03801756
-0.032938800000000004
-0.02613433
-0.02001273
-0.0163939
-0.0158919
-0.017904040000000003
-0.02055243
-0.02147338
-0.01895951
-0.01245919
-0.00234972
0.010329759999999999
0.02392267
0.03687211
0.04842624
0.057885540000000006
0.06409981000000001
0.06633761
0.06444118
0.05870119
0.05065817
0.04259024
0.03574919
0.030260220000000004
0.02626631
0.024340820000000003
0.0250274
0.02769039
0.029621
0.02707963
0.01791303
0.00323249
-0.013364810000000001
-0.02798875
-0.038062490000000004
-0.04245627
-0.04133862
-0.03621088
-0.02925721
-0.022491430000000003
-0.01737673
-0.01499294
-0.01616765
-0.02117778
-0.02924233
-0.03818759
-0.04547407
-0.04980096
-0.05176095
-0.053297540000000004
-0.05585993
-0.059105990000000004
-0.06140127
-0.061303970000000006
-0.05903397
-0.05646352
-0.05565924
-0.05757118
-0.06147756
-0.06499187000000001
-0.06526247
-0.061189030000000005
-0.05443971
-0.04818817
-0.04460484
-0.04365213
-0.04430854
-0.04538386
-0.04542873
-0.04365767
-0.04060174
-0.03751873
-0.03519404
-0.03289086
-0.02875727
-0.021460629999999998
-0.01125033
0.0009611999999999999
0.01503647
0.030920709999999997
0.047173040000000006
0.06069286
0.0674781
0.06453702
0.05160372
0.03140072
0.008993890000000001
-0.010054829999999999
-0.02190773
-0.02521836
-0.02070265
-0.010347980000000001
0.00294253
0.01546463
0.02428855
0.02925077
0.03237144
0.03496957
0.03587879
0.03251888
0.02325691
0.00942728
-0.00489511
-0.01594601
-0.022269380000000002
-0.02357275
-0.019211640000000002
-0.00899991
0.00475112
0.017677369999999998
0.02593502
0.02769447
0.023428260000000003
0.015437540000000001
0.00692896
0.00122813
0.00073088
0.00586812
0.01485811
0.02461658
0.032070140000000004
0.03527744
0.03429363
0.030544440000000003
0.02550977
0.02038697
0.01607404
0.0128844
0.01027143
0.007314070000000001
0.00359061
-0.0006636200000000001
-0.0047125299999999995
-0.00774758
-0.009658719999999999
-0.011078900000000001
-0.012696400000000002
-0.01488065
-0.0179589
-0.02251427
-0.029038179999999997
-0.03724451
-0.045593310000000005
-0.05161397
-0.05366029
-0.052432650000000004
-0.04990071000000001
-0.046955159999999996
-0.04280147
-0.036499329999999996
-0.02857278
-0.02091269
-0.015195740000000001
-0.011540870000000002
-0.00898672
-0.00687769
-0.00529551
-0.004959
-0.006892270000000001
-0.01163162
-0.01884151
-0.0271263
-0.03401218
-0.03711351
-0.03563218
-0.03068815
-0.024265870000000002
-0.01764919
-0.011044830000000002
-0.00464953
0.0009926400000000001
0.00607797
0.01214083
0.02123796
0.03402132
0.04817088
0.059868309999999994
0.06676391
0.06856814
0.0657948
0.058966580000000005
0.04879674
0.0366053
0.02436585
0.01425919
0.00801409
0.00650105
0.00888615
0.01251874
0.015332440000000001
0.01741219
0.019659370000000002
0.02246416
0.02558802
0.028538990000000004
0.03103487
0.03285929
0.033350780000000003
0.03194768
0.029468130000000002
0.02801996
0.029554269999999997
0.03479818
0.043251450000000004
0.05342847
0.06288590000000001
0.06910941000000001
0.07054483
0.066869
0.05923566
0.04969961
0.040147709999999996
0.032069600000000004
0.02675243
0.025212349999999998
0.02743442
0.03190086
0.03635287
0.038587250000000003
0.03676339
0.03026464
0.02046465
0.00986713
0.00077471
-0.00513455
-0.00655401
-0.00241806
0.00687598
0.01838323
0.02810827
0.03363944
0.03530042
0.035042170000000004
0.03456079
0.03467664
0.03552674
0.03657199
0.03664455
0.03466844
0.03087703
0.0265812
0.02280989
0.01995933
0.018037650000000002
0.01741637
0.01952489
0.02547835
0.034099529999999996
0.04189829
0.044977720000000006
0.04136124
0.031733620000000004
0.01827456
0.00301051
-0.012882910000000001
-0.02822964
-0.041045
-0.04913668
-0.05095798000000001
-0.045950870000000005
-0.03475105
-0.019254920000000002
-0.0024729400000000003
0.012126969999999999
0.02217625
0.02767865
0.03039245
0.03227418
0.03463202
0.03804098
0.04272467
0.04861129
0.05474202
0.05960530000000001
0.062499240000000005
0.06420339
0.06641017
0.0702025
0.07485963
0.07822228
0.07817105
0.07401358000000001
0.0668079
0.05888159
0.052591070000000004
0.04863151
0.0457747
0.04207998
0.03629352
0.028664900000000004
0.02058907
0.01378234
0.00958703
0.00836127
0.00918692
0.00957171
0.00587469
-0.0044925500000000005
-0.02102318
-0.04042053
-0.05852027
-0.07220542
-0.08040684000000001
-0.08361216
-0.08268415
-0.07855944000000001
-0.07251231
-0.06607361
-0.06039256
-0.05552441
-0.0506336
-0.04475117
-0.03756992
-0.030075650000000002
-0.024166310000000003
-0.021211820000000003
-0.020752069999999997
-0.02064662
-0.01837119
-0.012560169999999999
-0.00379476
0.006445149999999999
0.01701915
0.0271342
0.03602801
0.04292444
0.04747882
0.05011022
0.05170914
0.052830709999999996
0.052969850000000006
0.05110296
0.04668299
0.03965628
0.029759220000000003
0.01634918
-0.00045984
-0.018827570000000002
-0.03571312
-0.04851806
-0.05659684
-0.06112201
-0.06372404000000001
-0.06543792
-0.06646194999999999
-0.06646997
-0.06527458
-0.06350151999999999
-0.062232380000000004
-0.06211552
-0.06336839999999999
-0.06601363
-0.0697329
-0.07376833000000001
-0.07710565
-0.07886447
-0.07829551
-0.07461137
-0.06738008
-0.05711037
-0.04536395
-0.03413504
-0.02489107
-0.01795235
-0.01248921
-0.00701913
-7.026000000000001e-05
0.00912044
0.02008051
0.03099914
0.03941079
0.04376278
0.044345369999999995
0.04266802
0.040278650000000006
0.03800128
0.03614917
0.03496341
0.03451097
0.03476349
0.03599563
0.03901159
0.044360119999999996
0.05087214
0.055721660000000006
0.055803149999999996
0.048918130000000004
0.03490618
0.01636382
-0.00196385
-0.01532616
-0.02147967
-0.021356769999999997
-0.01753959
-0.01254365
-0.00787127
-0.0038066000000000003
-0.00042311000000000003
0.0014649799999999998
0.0005531900000000001
-0.00436235
-0.013638760000000002
-0.0262513
-0.0399227
-0.05179305000000001
-0.059656390000000004
-0.06271235
-0.06119829
-0.05569855
-0.047045649999999994
-0.03664556
-0.026143709999999997
-0.016901600000000003
-0.00993201
-0.00583513
-0.00495548
-0.00758423
-0.013777349999999999
-0.023158289999999998
-0.034771500000000004
-0.0470545
-0.0581041
-0.06607268000000001
-0.06986111
-0.06970822
-0.06679594
-0.06269068
-0.05930329000000001
-0.05847705
-0.061154520000000004
-0.06644396000000001
-0.07156675
-0.07424248
-0.07511686000000001
-0.07662274000000001
-0.08003469
-0.08467860999999999
-0.08952531000000001
-0.09476828
-0.10164724
-0.110381
-0.11850778000000001
-0.12207908
-0.11849433
-0.10804596999999999
-0.09321238
-0.07690265
-0.06119935
-0.04710793
-0.0347945
-0.0237436
-0.013126249999999999
-0.0023512
0.009032670000000001
0.02171916
0.03618185
0.05159785
0.06563172
0.07597042
0.08235142
0.08686187000000001
0.09212701
0.09930939000000001
0.10780833
0.11623836000000001
0.12319152000000001
0.1276412
0.1291584
0.12780692999999999
0.12417359
0.1192285
0.11364814000000001
0.10764345
0.10158774
0.09636681
0.09267048000000001
0.09004706000000001
0.08715948
0.08296248
0.07756238
0.07171018
0.06534901
0.05748526
0.04756553
0.036206640000000005
0.024589310000000003
0.013747180000000001
0.00462376
-0.00196664
-0.0059669300000000005
-0.00839084
-0.011081160000000001
-0.01621206
-0.02537467
-0.03861277
-0.054343190000000006
-0.07014523
-0.08362987000000001
-0.09270847
-0.09541705
-0.09038732
-0.07782251
-0.0600068
-0.04090877
-0.024482620000000004
-0.01281382
-0.00565275
-0.00123241
0.00216476
0.00497563
0.00656157
0.00640952
0.0046686
0.00137992
-0.00413732
-0.01279063
-0.024264800000000003
-0.03569414
-0.04258875
-0.041581900000000005
-0.03255864
-0.01881865
-0.00506398
0.00486035
0.00891177
0.0071833700000000006
0.0017448700000000001
-0.004194740000000001
-0.00762882
-0.00707225
-0.00274609
0.00431167
0.0130758
0.022749730000000003
0.03246563
0.040736049999999996
0.04575372
0.04684024
0.04477866
0.04039621
0.03361239
0.02394488
0.011698690000000001
-0.00134451
-0.01269163
-0.020773890000000003
-0.02528882
-0.0259255
-0.0219655
-0.013745670000000001
-0.00389967
0.00357201
0.0058299
0.0031863599999999996
-0.00148396
-0.00576017
-0.00939029
-0.012641659999999999
-0.01453344
-0.013790849999999999
-0.010469379999999999
-0.005631850000000001
-0.00033599
0.00479088
0.009386770000000001
0.012661400000000001
0.01404766
0.014204129999999999
0.01407724
0.013977999999999999
0.013556600000000002
0.01241333
0.01099217
0.01013102
0.01028995
0.01141376
0.01295008
0.01437505
0.015497730000000001
0.01604515
0.015211980000000002
0.0121444
0.00726661
0.0025838299999999996
0.00038114
0.00133247
0.00375492
0.00509158
0.0038784400000000004
0.00035739
-0.00419788
-0.00819959
-0.01000654
-0.00904866
-0.007048179999999999
-0.00691442
-0.010262610000000002
-0.016191089999999998
-0.022135980000000003
-0.025852560000000004
-0.026350639999999998
-0.02330467
-0.01691576
-0.00834815
0.00051766
0.00816735
0.01463037
0.0210764
0.02810398
0.03516242
0.04132091
0.04577288
0.04794468
0.04793037
0.04663214
0.045241949999999996
0.04459027
0.0444552
0.04352465
0.04011291
0.03311391
0.02317208
0.01255158
0.0036421599999999998
-0.00180229
-0.0032293100000000004
-0.00178892
0.00078158
0.0036300300000000002
0.00714189
0.01227939
0.01900915
0.02566695
0.030188350000000003
0.031361560000000004
0.029368699999999998
0.02514809
0.01832134
0.00912011
-0.00077109
-0.00961263
-0.01550306
-0.017939220000000002
-0.01815389
-0.01820362
-0.01977991
-0.023543280000000003
-0.028909570000000002
-0.03485543
-0.04065595
-0.04570771
-0.04937105
-0.0512097
-0.0516565
-0.051953110000000004
-0.05288711
-0.05402576
-0.054174429999999996
-0.05265523
-0.05002291
-0.04728699
-0.04478282
-0.041876170000000004
-0.03785723
-0.03289264
-0.027985549999999998
-0.02442649
-0.02328204
-0.02523955
-0.03003389
-0.0358116
-0.040052880000000006
-0.04091821
-0.03786121
-0.03150896
-0.02293724
-0.01346984
-0.00472566
0.0016865
0.00472138
0.00457764
0.00251656
0.00031155
-0.0002319
0.00176424
0.0057535400000000006
0.010123819999999999
0.01306791
0.01350656
0.011563589999999999
0.00842933
0.00537606
0.0030025200000000003
0.0012655
-0.00028065
-0.00200868
-0.00406277
-0.0063436099999999995
-0.008185040000000001
-0.00863468
-0.007253450000000001
-0.00442205
-0.00090335
0.0027641700000000003
0.00650697
0.01046411
0.014508350000000001
0.01838409
0.022204
0.02635138
0.03100976
0.03592835
0.04063812000000001
0.04457801
0.046976199999999996
0.04715479
0.04500846
0.04117241
0.0368336
0.033221
0.031132399999999998
0.03064068
0.03103909
0.03105504
0.029304030000000002
0.02516573
0.01933292
0.0131477
0.00760574
0.0031049800000000002
-0.00026114
-0.00239578
-0.0032199200000000002
-0.0030058000000000003
-0.00250405
-0.0025399899999999998
-0.00340313
-0.00471792
-0.006004270000000001
-0.00714469
-0.00824041
-0.00929163
-0.01006278
-0.010273490000000001
-0.00992987
-0.00922229
-0.00820043
-0.00679524
-0.00497594
-0.00277074
-0.00026774
0.0023155100000000002
0.00458441
0.0061240700000000006
0.00675026
0.006547110000000001
0.005741810000000001
0.00460877
0.0033664899999999998
0.00207543
0.00064764
-0.00104132
-0.00296269
-0.00478891
-0.00604758
-0.00648157
-0.00624159
-0.00574893
-0.005354360000000001
-0.0051356100000000005
-0.00503347
-0.00505815
-0.00531629
-0.00588939
-0.006582080000000001
-0.0069062
-0.0065720100000000005
-0.00578356
-0.00494144
-0.00426809
-0.00370374
-0.0031181
-0.0025475199999999997
-0.0021156400000000002
-0.0018684500000000002
-0.0017648800000000001
-0.00171143
-0.0015725700000000001
-0.00118725
-0.00044061999999999997
0.00061637
0.0017582300000000002
0.0027253
0.00334175
0.00357116
0.00352916
0.0033914600000000002
0.00327036
0.00320301
0.0032009
0.0032607599999999997
0.00337968
0.0035652
0.0038012600000000003
0.0040216
0.00410327
0.00390666
0.00338324
0.0026532
0.00193803
0.00139594
0.00104713
0.0008289
0.00068481
0.00060758
0.00059281
0.00059751
0.00057024
0.00048328000000000005
0.00033329
0.00011793
-0.00017392000000000002
-0.00053554
-0.0009224799999999999
-0.00126303
-0.00149355
-0.00158857
-0.0015604000000000002
-0.00144606
-0.00129218
-0.00114488
-0.00104251
-0.0009994300000000002
-0.00099526
-0.00097894
-0.00088758
-0.00068437
-0.00039138
-7.67e-05
0.00019188
0.0003782
0.00047988
0.00051365
0.0004994
0.00045321
0.00038789
0.00031643
0.00025205000000000003
0.00020426
0.0001761
0.00016469000000000002
0.00016295
0.00016204
0.00015602
0.00014282
0.00012344
0.00010375
9.230000000000001e-05
9.451e-05
0.00010902999999999999
0.00012808
0.00014209
0.00014494
0.00013576
0.00011782000000000001
9.613e-05
7.543e-05
5.9170000000000004e-05
4.935e-05
4.68e-05
5.139000000000001e-05
6.168e-05
7.482e-05
8.779000000000001e-05
9.884000000000001e-05
0.00010745
0.00011362000000000001
0.00011723000000000001
0.00011817
0.00011683
0.00011408
0.00011083000000000001
0.00010765
0.00010487
0.00010284
0.00010189
0.00010206
0.00010316000000000001
0.00010462000000000001
0.00010559000000000001
0.00010541999999999999
0.00010403
0.00010171
9.88e-05
9.554e-05
9.21e-05
8.867e-05
8.538000000000001e-05
8.227e-05
7.933000000000001e-05
7.658e-05
7.404e-05
7.171e-05
6.956e-05
6.756e-05
6.570000000000001e-05
6.395e-05
6.232e-05
6.0790000000000006e-05
5.9340000000000004e-05
5.7980000000000004e-05
5.672e-05
5.5570000000000005e-05
5.453000000000001e-05
5.357e-05
5.2690000000000005e-05
5.1869999999999996e-05
5.1120000000000005e-05
5.0419999999999995e-05
4.977e-05
4.9170000000000005e-05
4.8599999999999995e-05
4.8060000000000004e-05
4.755e-05
4.706e-05
4.66e-05
4.6150000000000004e-05
4.571000000000001e-05
4.529e-05
4.488e-05
4.4470000000000006e-05
4.407e-05
4.367e-05
4.3270000000000004e-05
4.288e-05
4.248e-05
