0.000000
0.040037
0.080023
0.079942
0.079854
0.079761
0.079661
0.079555
0.079443
0.079325
0.079200
0.079070
0.078933
0.078790
0.078641
0.078486
0.078325
0.078158
0.077985
0.077806
0.077620
0.077429
0.077232
0.077028
0.076819
0.076604
0.076382
0.076155
0.075922
0.075683
0.075439
0.075188
0.074932
0.074669
0.074401
0.074128
0.073848
0.073563
0.073272
0.072976
0.072674
0.072367
0.072053
0.071735
0.071411
0.071081
0.070746
0.070406
0.070060
0.069709
0.069353
0.068991
0.068625
0.068253
0.067876
0.067493
0.067106
0.066714
0.066317
0.065915
0.065507
0.065096
0.064679
0.064257
0.063831
0.063400
0.062964
0.062524
0.062079
0.061630
0.061176
0.060718
0.060255
0.059788
0.059316
0.058841
0.058361
0.057877
0.057389
0.056896
0.056400
0.055900
0.055396
0.054887
0.054375
0.053860
0.053340
0.052817
0.052290
0.051759
0.051225
0.050687
0.050146
0.049601
0.049053
0.048502
0.047947
0.047389
0.046828
0.046263
0.045696
0.045125
0.044552
0.043975
0.043396
0.042813
0.042228
0.041640
0.041049
0.040455
0.039859
0.039260
0.038659
0.038055
0.037449
0.036840
0.036228
0.035615
0.034999
0.034380
0.033760
0.033137
0.032513
0.031886
0.031257
0.030626
0.029993
0.029358
0.028721
0.028082
0.027442
0.026800
0.026156
0.025510
0.024863
0.024214
0.023563
0.022912
0.022258
0.021603
0.020947
0.020289
0.019630
0.018970
0.018308
0.017645
0.016982
0.016316
0.015650
0.014983
0.014315
0.013646
0.012975
0.012304
0.011632
0.010960
0.010286
0.009612
0.008937
0.008261
0.007585
0.006908
0.006231
0.005553
0.004874
0.004195
0.003516
0.002836
0.002156
0.001476
0.000795
0.000115
-0.000566
-0.001247
-0.001928
-0.002610
-0.003291
-0.003972
-0.004653
-0.005334
-0.006015
-0.006695
-0.007376
-0.008056
-0.008736
-0.009415
-0.010094
-0.010773
-0.011451
-0.012128
-0.012805
-0.013482
-0.014157
-0.014832
-0.015507
-0.016180
-0.016853
-0.017525
-0.018195
-0.018865
-0.019534
-0.020201
-0.020868
-0.021533
-0.022198
-0.022860
-0.023522
-0.024182
-0.024841
-0.025498
-0.026154
-0.026808
-0.027460
-0.028111
-0.028760
-0.029408
-0.030053
-0.030696
-0.031338
-0.031978
-0.032615
-0.033250
-0.033884
-0.034514
-0.035143
-0.035769
-0.036393
-0.037014
-0.037633
-0.038249
-0.038863
-0.039474
-0.040082
-0.040687
-0.041289
-0.041889
-0.042485
-0.043078
-0.043668
-0.044255
-0.044839
-0.045419
-0.045996
-0.046569
-0.047139
-0.047705
-0.048267
-0.048826
-0.049381
-0.049932
-0.050479
-0.051023
-0.051562
-0.052097
-0.052627
-0.053154
-0.053676
-0.054194
-0.054707
-0.055216
-0.055720
-0.056219
-0.056714
-0.057204
-0.057689
-0.058169
-0.058645
-0.059115
-0.059580
-0.060039
-0.060494
-0.060943
-0.061387
-0.061825
-0.062258
-0.062685
-0.063107
-0.063523
-0.063933
-0.064337
-0.064735
-0.065128
-0.065514
-0.065894
-0.066269
-0.066637
-0.066998
-0.067354
-0.067703
-0.068045
-0.068382
-0.068711
-0.069034
-0.069351
-0.069660
-0.069963
-0.070260
-0.070549
-0.070831
-0.071107
-0.071376
-0.071637
-0.071892
-0.072139
-0.072379
-0.072612
-0.072838
-0.073056
-0.073267
-0.073471
-0.073668
-0.073856
-0.074038
-0.074212
-0.074379
-0.074537
-0.074689
-0.074833
-0.074969
-0.075097
-0.075218
-0.075331
-0.075437
-0.075534
-0.075624
-0.075706
-0.075781
-0.075847
-0.075906
-0.075957
-0.076000
-0.076036
-0.076063
-0.076083
-0.076094
-0.076098
-0.076094
-0.076083
-0.076063
-0.076036
-0.076000
-0.075957
-0.075907
-0.075848
-0.075782
-0.075707
-0.075625
-0.075536
-0.075438
-0.075333
-0.075221
-0.075100
-0.074972
-0.074837
-0.074694
-0.074543
-0.074385
-0.074219
-0.074046
-0.039157
-0.004374
-0.004362
-0.004350
-0.004338
-0.004326
-0.004314
-0.004302
-0.004290
-0.004279
-0.004267
-0.004256
-0.004244
-0.004233
-0.004221
-0.004210
-0.004199
-0.004188
-0.004177
-0.004166
-0.004155
-0.004144
-0.004134
-0.004123
-0.004112
-0.004102
-0.004091
-0.004081
-0.004071
-0.004060
-0.004050
-0.004040
-0.004030
-0.004020
-0.004010
-0.004000
-0.003991
-0.003981
-0.003971
-0.003962
-0.003952
-0.003943
-0.003933
-0.003924
-0.003915
-0.003906
-0.003897
-0.003888
-0.003879
-0.003870
-0.003861
-0.003852
-0.003844
-0.003835
-0.003827
-0.003818
-0.003810
-0.003802
-0.003793
-0.003785
-0.003777
-0.003769
-0.003761
-0.003753
-0.003745
-0.003738
-0.003730
-0.003722
-0.003715
-0.003707
-0.003700
-0.003693
-0.003685
-0.003678
-0.003671
-0.003664
-0.003657
-0.003650
-0.003643
-0.003637
-0.003630
-0.003623
-0.003617
-0.003610
-0.003604
-0.003597
-0.003591
-0.003585
-0.003579
-0.003572
-0.003566
-0.003560
-0.003555
-0.003549
-0.003543
-0.003537
-0.003532
-0.003526
-0.003520
-0.003515
-0.003510
-0.003504
-0.003499
-0.003494
-0.003489
-0.003484
-0.003479
-0.003474
-0.003469
-0.003464
-0.003459
-0.003455
-0.003450
-0.003446
-0.003441
-0.003437
-0.003432
-0.003428
-0.003424
-0.003420
-0.003416
-0.003412
-0.003408
-0.003404
-0.003400
-0.003396
-0.003392
-0.003389
-0.003385
-0.003382
-0.003378
-0.003375
-0.003371
-0.003368
-0.003365
-0.003362
-0.003359
-0.003356
-0.003353
-0.003350
-0.003347
-0.003344
-0.003341
-0.003339
-0.003336
-0.003333
-0.003331
-0.003328
-0.003326
-0.003324
-0.003321
-0.003319
-0.003317
-0.003315
-0.003313
-0.003311
-0.003309
-0.003307
-0.003305
-0.003303
-0.003301
-0.003300
-0.003298
-0.003297
-0.003295
-0.003294
-0.003292
-0.003291
-0.003289
-0.003288
-0.003287
-0.003286
-0.003285
-0.003284
-0.003283
-0.003282
-0.003281
-0.003280
-0.003279
-0.003278
-0.003278
-0.003277
-0.003276
-0.003276
-0.003275
-0.003275
-0.003274
-0.003274
-0.003274
-0.003274
-0.003273
-0.003273
-0.003273
-0.003273
-0.003273
-0.003273
-0.003273
-0.003273
-0.003273
-0.003273
-0.003273
-0.003274
-0.003274
-0.003274
-0.003275
-0.003275
-0.003276
-0.003276
-0.003277
-0.003277
-0.003278
-0.003279
-0.003279
-0.003280
-0.003281
-0.003282
-0.003283
-0.003284
-0.003284
-0.003285
-0.003286
-0.003287
-0.003289
-0.003290
-0.003291
-0.003292
-0.003293
-0.003295
-0.003296
-0.003297
-0.003298
-0.003300
-0.003301
-0.003303
-0.003304
-0.003306
-0.003307
-0.003309
-0.003310
-0.003312
-0.003314
-0.003315
-0.003317
-0.003319
-0.003321
-0.003323
-0.003324
-0.003326
-0.003328
-0.003330
-0.003332
-0.003334
-0.003336
-0.003338
-0.003340
-0.003342
-0.003344
-0.003346
-0.003348
-0.003350
-0.003353
-0.003355
-0.003357
-0.003359
-0.003361
-0.003364
-0.003366
-0.003368
-0.003370
-0.003373
-0.003375
-0.003377
-0.003380
-0.003382
-0.003385
-0.003387
-0.003389
-0.003392
-0.003394
-0.003397
-0.003399
-0.003402
-0.003404
-0.003407
-0.003409
-0.003412
-0.003414
-0.003417
-0.003419
-0.003422
-0.003425
-0.003427
-0.003430
-0.003432
-0.003435
-0.003438
-0.003440
-0.003443
-0.003445
-0.003448
-0.003451
-0.003453
-0.003456
-0.003458
-0.003461
-0.003464
-0.003466
-0.003469
-0.003471
-0.003474
-0.003477
-0.003479
-0.003482
-0.003484
-0.003487
-0.003490
-0.003492
-0.003495
-0.003497
-0.003500
-0.003502
-0.003505
-0.003507
-0.003510
-0.003512
-0.003515
-0.003517
-0.003520
-0.003522
-0.003525
-0.003527
-0.003529
-0.003532
-0.003534
-0.003537
-0.003539
-0.003541
-0.003544
-0.003546
-0.003548
-0.003550
-0.003553
-0.003555
-0.003557
-0.003559
-0.003561
-0.003563
-0.003565
-0.003568
-0.003570
-0.003572
-0.003574
-0.003576
-0.003577
-0.003579
-0.003581
-0.003583
-0.003585
-0.003587
-0.003588
-0.003590
-0.003592
-0.003594
-0.003595
-0.003597
-0.003598
-0.003600
-0.003601
-0.003603
-0.003604
-0.003606
-0.003607
-0.003608
-0.003609
-0.003611
-0.003612
-0.003613
-0.003614
-0.003615
-0.003616
-0.003617
-0.003618
-0.003619
-0.003619
-0.003620
-0.003621
-0.003622
-0.003622
-0.003623
-0.003623
-0.003624
-0.003624
-0.003625
-0.003625
-0.003625
-0.003625
-0.003625
-0.003626
-0.003626
-0.003626
-0.003625
-0.003625
-0.003625
-0.003625
-0.003624
-0.003624
-0.003624
-0.003623
-0.003622
-0.003622
-0.003621
-0.003620
-0.003619
-0.003619
-0.003618
-0.003616
-0.003615
-0.003614
-0.003613
-0.003612
-0.003610
-0.003609
-0.003607
-0.003605
-0.003604
-0.003602
-0.003600
-0.003598
-0.003596
-0.003594
-0.003592
-0.003590
-0.003587
-0.003585
-0.003582
-0.003580
-0.003577
-0.003574
-0.003571
-0.003568
-0.003565
-0.003562
-0.003559
-0.003556
-0.003552
-0.003549
-0.003545
-0.003542
-0.003538
-0.003534
-0.003530
-0.003526
-0.003522
-0.003517
-0.003513
-0.003509
-0.003504
-0.003499
-0.003495
-0.003490
-0.003485
-0.003480
-0.003475
-0.003469
-0.003464
-0.003458
-0.003453
-0.003447
-0.003441
-0.003435
-0.003429
-0.003423
-0.003417
-0.003410
-0.003404
-0.003397
-0.003391
-0.003384
-0.003377
-0.003370
-0.003362
-0.003355
-0.003347
-0.003340
-0.003332
-0.003324
-0.003316
-0.003308
-0.003300
-0.003292
-0.003283
-0.003275
-0.003266
-0.003257
-0.003248
-0.003239
-0.003229
-0.003220
-0.003211
-0.003201
-0.003191
-0.003181
-0.003171
-0.003161
-0.003150
-0.003140
-0.003129
-0.003118
-0.003107
-0.003096
-0.003085
-0.003073
-0.003062
-0.003050
-0.003038
-0.003026
-0.003014
-0.003002
-0.002989
-0.002977
-0.002964
-0.002951
-0.002938
-0.002924
-0.002911
-0.002897
-0.002884
-0.002870
-0.002856
-0.002841
-0.002827
-0.002812
-0.002798
-0.002783
-0.002768
-0.002752
-0.002737
-0.002721
-0.002706
-0.002690
-0.002674
-0.002657
-0.002641
-0.002624
-0.002607
-0.002590
-0.002573
-0.002556
-0.002538
-0.002520
-0.002502
-0.002484
-0.002466
-0.002448
-0.002429
-0.002410
-0.002391
-0.002372
-0.002352
-0.002333
-0.002313
-0.002293
-0.002272
-0.002252
-0.002231
-0.002211
-0.002189
-0.002168
-0.002147
-0.002125
-0.002103
-0.002081
-0.002059
-0.002037
-0.002014
-0.001991
-0.001968
-0.001945
-0.001921
-0.001897
-0.001873
-0.001849
-0.001825
-0.001800
-0.001775
-0.001750
-0.001725
-0.001700
-0.001674
-0.001648
-0.001622
-0.001596
-0.001569
-0.001542
-0.001515
-0.001488
-0.001460
-0.001432
-0.001404
-0.001376
-0.001348
-0.001319
-0.001290
-0.001261
-0.001232
-0.001202
-0.001172
-0.001142
-0.001112
-0.001081
-0.001050
-0.001019
-0.000988
-0.000956
-0.000924
-0.000892
-0.000860
-0.000827
-0.000794
-0.000761
-0.000728
-0.000694
-0.000660
-0.000626
-0.000592
-0.000557
-0.000522
-0.000487
-0.000451
-0.000416
-0.000380
-0.000343
-0.000307
-0.000270
-0.000233
-0.000196
-0.000158
-0.000120
-0.000082
-0.000043
-0.000005
0.000034
0.000073
0.000113
0.000153
0.000193
0.000233
0.000274
0.000315
0.000356
0.000398
0.000440
0.000482
0.000524
0.000567
0.000610
0.000653
0.000697
0.000741
0.000785
0.000829
0.000874
0.000919
0.000964
0.001010
0.001056
0.001102
0.001149
0.001196
0.001243
0.001290
0.001338
0.001386
0.001435
0.001483
0.001532
0.001582
0.001631
0.001681
0.001732
0.001782
0.001833
0.001885
0.001936
0.001988
0.002040
0.002093
0.002146
0.002199
0.002253
0.002306
0.002361
0.002415
0.002470
0.002525
0.002581
0.002636
0.002693
0.002749
0.002806
0.002863
0.002921
0.002979
0.003037
0.003095
0.003154
0.003214
0.003273
0.003333
0.003393
0.003454
0.003515
0.003576
0.003638
0.003700
0.003763
0.003825
0.003888
0.003952
0.004016
0.004080
0.004144
0.004209
0.004274
0.004340
0.004406
0.004472
0.004539
0.004606
0.004674
0.004741
0.004810
0.004878
0.004947
0.005016
0.005086
0.005156
0.005226
0.005297
0.005368
0.005440
0.005512
0.005584
0.005657
0.005730
0.005803
0.005877
0.005951
0.006026
0.006101
0.006176
0.006252
0.006328
0.006405
0.006482
0.006559
0.006636
0.006715
0.006793
0.006872
0.006951
0.007031
0.007111
0.007191
0.007272
0.007353
0.007435
0.007517
0.007600
0.007682
0.007766
0.007849
0.007933
0.008018
0.008103
0.008188
0.008274
0.008360
0.008446
0.008533
0.008621
0.008708
0.008797
0.008885
0.008974
0.009063
0.009153
0.009244
0.009334
0.009425
0.009517
0.009609
0.009701
0.009794
0.009887
0.009980
0.010074
0.010169
0.010264
0.010359
0.010455
0.010551
0.010647
0.010744
0.010842
0.010940
0.011038
0.011137
0.011236
0.011335
0.011435
0.011536
0.011637
0.011738
0.011840
0.011942
0.012045
0.012148
0.012251
0.012355
0.012459
0.012564
0.012670
0.012775
0.012881
0.012988
0.013095
0.013202
0.013310
0.013419
0.013527
0.013637
0.013746
0.013856
0.013967
0.014078
0.014189
0.014301
0.014414
0.014526
0.014640
0.014753
0.014868
0.014982
0.015097
0.015213
0.015329
0.015445
0.015562
0.015679
0.015797
0.015915
0.016034
0.016153
0.016273
0.016393
0.016513
0.016634
0.016755
0.016877
0.016999
0.017122
0.017245
0.017369
0.017493
0.017618
0.017743
0.017868
0.017994
0.018121
0.018248
0.018375
0.018503
0.018631
0.018760
0.018889
0.019018
0.019148
0.019279
0.019410
0.019541
0.019673
0.019806
0.019939
0.020072
0.020206
0.020340
0.020474
0.020610
0.020745
0.020881
0.021018
0.021155
0.021292
0.021430
0.021568
0.021707
0.021846
0.021986
0.022126
0.022267
0.022408
0.022550
0.022692
0.022834
0.022977
0.023120
0.023264
0.023409
0.023553
0.023699
0.023844
0.023990
0.024137
0.024284
0.024432
0.024580
0.024728
0.024877
0.025026
0.025176
0.025326
0.025477
0.025628
0.025780
0.025932
0.026084
0.026237
0.026391
0.026544
0.026699
0.026853
0.027009
0.027164
0.027320
0.027477
0.027634
0.027791
0.027949
0.028108
0.028266
0.028426
0.028585
0.028745
0.028906
0.029067
0.029228
0.029390
0.029552
0.029715
0.029878
0.030042
0.030206
0.030371
0.030535
0.030701
0.030867
0.031033
0.031199
0.031367
0.031534
0.031702
0.031870
0.032039
0.032208
0.032378
0.032548
0.032719
0.032889
0.033061
0.033233
0.033405
0.033577
0.033750
0.033924
0.034097
0.034272
0.034446
0.034621
0.034797
0.034973
0.035149
0.035326
0.035503
0.035680
0.035858
0.036036
0.036215
0.036394
0.036574
0.036753
0.036934
0.037114
0.037295
0.037477
0.037659
0.037841
0.038023
0.038206
0.038390
0.038573
0.038758
0.038942
0.039127
0.039312
0.039498
0.039684
0.039870
0.040057
0.040244
0.040431
0.040619
0.040807
0.040995
0.041184
0.041373
0.041563
0.041753
0.041943
0.042134
0.042325
0.042516
0.042707
0.042899
0.043092
0.043284
0.043477
0.043670
0.043864
0.044058
0.044252
0.044446
0.044641
0.044836
0.045032
0.045228
0.045424
0.045620
0.045817
0.046014
0.046211
0.046409
0.046606
0.046805
0.047003
0.047202
0.047401
0.047600
0.047800
0.047999
0.048200
0.048400
0.048601
0.048801
0.049003
0.049204
0.049406
0.049608
0.049810
0.050012
0.050215
0.050418
0.050621
0.050824
0.051028
0.051232
0.051436
0.051640
0.051844
0.052049
0.052254
0.052459
0.052664
0.052870
0.053075
0.053281
0.053487
0.053694
0.053900
0.054107
0.054314
0.054521
0.054728
0.054935
0.055143
0.055350
0.055558
0.055766
0.055974
0.056182
0.056391
0.056599
0.056808
0.057017
0.057226
0.057435
0.057644
0.057853
0.058063
0.058272
0.058482
0.058691
0.058901
0.059111
0.059321
0.059531
0.059741
0.059951
0.060162
0.060372
0.060582
0.060793
0.061003
0.061214
0.061424
0.061635
0.061846
0.062056
0.062267
0.062478
0.062689
0.062899
0.063110
0.063321
0.063532
0.063742
0.063953
0.064164
0.064374
0.064585
0.064796
0.065006
0.065217
0.065427
0.065638
0.065848
0.066058
0.066269
0.066479
0.066689
0.066899
0.067109
0.067319
0.067528
0.067738
0.067948
0.068157
0.068366
0.068575
0.068784
0.068993
0.069202
0.069410
0.069619
0.069827
0.070035
0.070243
0.070451
0.070658
0.070866
0.071073
0.071280
0.071486
0.071693
0.071899
0.072105
0.072311
0.072517
0.072722
0.072927
0.073132
0.073337
0.073541
0.073745
0.073949
0.074152
0.074355
0.074558
0.074761
0.074963
0.075165
0.075366
0.075567
0.075768
0.075969
0.076169
0.076369
0.076568
0.076767
0.076966
0.077164
0.077362
0.077559
0.077756
0.077953
0.078149
0.078345
0.078540
0.078735
0.078929
0.079123
0.079317
0.079510
0.079702
0.079894
0.080086
0.080276
0.080467
0.080657
0.080846
0.081035
0.081223
0.081411
0.081598
0.081785
0.081971
0.082156
0.082341
0.082525
0.082709
0.082891
0.083074
0.083255
0.083436
0.083617
0.083796
0.083975
0.084154
0.084331
0.084508
0.084685
0.084860
0.085035
0.085209
0.085382
0.085555
0.085726
0.085897
0.086068
0.086237
0.086406
0.086573
0.086740
0.086907
0.087072
0.087236
0.087400
0.087563
0.087725
0.087886
0.088046
0.088205
0.088363
0.088521
0.088677
0.088833
0.088987
0.089141
0.089293
0.089445
0.089596
0.089745
0.089894
0.090042
0.090188
0.090334
0.090478
0.090622
0.090764
0.090905
0.091045
0.091185
0.091323
0.091459
0.091595
0.091730
0.091863
0.091995
0.092126
0.092256
0.092385
0.092512
0.092638
0.092763
0.092887
0.093010
0.093131
0.093251
0.093369
0.093487
0.093603
0.093718
0.093831
0.093943
0.094054
0.094163
0.094271
0.094377
0.094483
0.094586
0.094689
0.094789
0.094889
0.094987
0.095083
0.095178
0.095272
0.095364
0.095454
0.095543
0.095630
0.095716
0.095800
0.095883
0.095964
0.096043
0.096121
0.096197
0.096272
0.096345
0.096416
0.096485
0.096553
0.096619
0.096683
0.096746
0.096807
0.096866
0.096923
0.096979
0.097032
0.097084
0.097134
0.097183
0.097229
0.097273
0.097316
0.097357
0.097396
0.097432
0.097467
0.097500
0.097531
0.097560
0.097587
0.097612
0.097635
0.097656
0.097675
0.097692
0.097707
0.097719
0.097730
0.097738
0.097745
0.097749
0.097751
0.097751
0.097748
0.097744
0.097737
0.097728
0.097716
0.097703
0.097687
0.097669
0.097648
0.097625
0.097600
0.097573
0.097543
0.097511
0.097476
0.097439
0.097399
0.097357
0.097313
0.097266
0.097216
0.097164
0.097110
0.097053
0.096993
0.096931
0.096866
0.096799
0.096729
0.096657
0.096581
0.096503
0.096423
0.096339
0.096253
0.096164
0.096073
0.095979
0.095882
0.095782
0.095679
0.095573
0.095465
0.095354
0.095240
0.095123
0.095003
0.094880
0.094754
0.094625
0.094493
0.094358
0.094221
0.094080
0.093936
0.093789
0.093639
0.093486
0.093329
0.093170
0.093007
0.092841
0.092672
0.092500
0.092325
0.092146
0.091964
0.091779
0.091591
0.091399
0.091204
0.091005
0.090803
0.090598
0.090389
0.090177
0.089962
0.089743
0.089520
0.089295
0.089065
0.088832
0.088596
0.088355
0.088112
0.087864
0.087613
0.087359
0.087101
0.086839
0.086573
0.086304
0.086031
0.085754
0.085473
0.085189
0.084901
0.084608
0.084313
0.084013
0.083709
0.083402
0.083090
0.082775
0.082455
0.082132
0.081804
0.081473
0.081137
0.080798
0.080454
0.080107
0.079755
0.079399
0.079039
0.078674
0.078306
0.077933
0.077556
0.077175
0.076789
0.076399
0.076005
0.075607
0.075204
0.074797
0.074385
0.073969
0.073549
0.073124
0.072694
0.072260
0.071822
0.071379
0.070931
0.070479
0.070022
0.069561
0.069095
0.068624
0.068149
0.067669
0.067184
0.066695
0.066200
0.065701
0.065197
0.064688
0.064175
0.063656
0.063133
0.062605
0.062072
0.061533
0.060990
0.060442
0.059889
0.059331
0.058768
0.058199
0.057626
0.057047
0.056463
0.055875
0.055281
0.054681
0.054077
0.053467
0.052852
0.052232
0.051606
0.050975
0.050339
0.049697
0.049050
0.048397
0.047739
0.047076
0.046407
0.045732
0.045052
0.044367
0.043676
0.042979
0.042277
0.041569
0.040855
0.040136
0.039411
0.038680
0.037943
0.037201
0.036453
0.035699
0.034939
0.034174
0.033402
0.032625
0.031842
0.031052
0.030257
0.029456
0.028649
0.027835
0.027016
0.026191
0.025359
0.024522
0.023678
0.022828
0.021972
0.021109
0.020241
0.019366
0.018485
0.017598
0.016704
0.015804
0.014897
0.013985
0.013065
0.012140
0.011208
0.010269
0.009324
0.008372
0.007414
0.006449
0.005478
0.004500
0.003516
0.002524
0.001526
0.000522
-0.000489
-0.001507
-0.002532
-0.003564
-0.004602
-0.005647
-0.006700
-0.007759
-0.008824
-0.009897
-0.010977
-0.012064
-0.013157
-0.014258
-0.015366
-0.016480
-0.017602
-0.018731
-0.019867
-0.021010
-0.022161
-0.023318
-0.024483
-0.025655
-0.026834
-0.028021
-0.029215
-0.030416
-0.031624
-0.032840
-0.034063
-0.035294
-0.036532
-0.037777
-0.039030
-0.040291
-0.041559
-0.042834
-0.044117
-0.045407
-0.046704
-0.048009
-0.049323
-0.050648
-0.051985
-0.053335
-0.054691
-0.056040
-0.057352
-0.058596
-0.059765
-0.060934
-0.062328
-0.064342
-0.067401
-0.071551
-0.075908
-0.078418
-0.076758
-0.070795
-0.065056
-0.067554
-0.083546
-0.109209
-0.132042
-0.138683
-0.125100
-0.101965
-0.088215
-0.094731
-0.113036
-0.120219
-0.094837
-0.032665
0.045731
0.101881
0.098324
0.014646
-0.150210
-0.383228
-0.656808
-0.920835
-1.103242
-1.136519
-1.004909
-0.778694
-0.597967
-0.598869
-0.820896
-1.166285
-1.461246
-1.573383
-1.469677
-1.171797
-0.687520
-0.001538
0.873946
1.840631
2.702541
3.230279
3.277026
2.873213
2.231970
1.664947
1.460929
1.759027
2.452469
3.228419
3.759252
3.816760
3.176250
1.604097
-0.852536
-3.664798
-6.107750
-7.707263
-8.331547
-8.008516
-6.840005
-5.056162
-3.048540
-1.322182
-0.336455
-0.247902
-0.768875
-1.343973
-1.517938
-1.177822
-0.484442
0.415863
1.533838
2.778280
3.665541
3.544767
2.117587
-0.396744
-3.502185
-6.675813
-9.475862
-11.555768
-12.616364
-12.408034
-10.886736
-8.405943
-5.672457
-3.320603
-1.361219
0.901848
4.236826
8.713858
13.530551
17.421831
19.212259
18.263105
14.657362
9.045551
2.386623
-4.201165
-9.602074
-13.012474
-14.290930
-14.088057
-13.516942
-13.498615
-14.321475
-15.708885
-17.131153
-18.032694
-17.943932
-16.603935
-14.155651
-11.277361
-8.986895
-8.071618
-8.493382
-9.232843
-8.751806
-5.831090
-0.301107
6.749428
13.408295
17.778522
18.783424
16.575047
12.369063
7.821303
4.370428
2.808280
2.962970
3.602525
2.957293
-0.287154
-6.241603
-13.668927
-20.292889
-23.498404
-21.454750
-14.249423
-4.154132
5.482809
12.005463
14.483086
13.477127
10.234150
6.098051
2.329117
0.026370
-0.253062
0.970349
2.167301
1.763395
-0.786805
-4.751052
-8.710650
-11.298774
-11.677016
-9.876903
-6.965566
-4.658965
-4.434856
-6.788170
-11.090910
-15.965450
-19.807472
-21.153328
-18.923904
-12.841811
-3.966774
5.342996
12.536547
16.335756
17.274166
17.057726
17.521683
19.702688
23.232346
26.447102
27.260061
24.181204
16.956015
6.767500
-4.080586
-13.207459
-19.375233
-22.669434
-23.641697
-22.797482
-20.766195
-18.185080
-15.223034
-11.547266
-6.825877
-1.259461
4.244200
8.423703
10.293075
9.510262
6.337223
1.449418
-4.240269
-9.735785
-14.091429
-16.571190
-16.925268
-15.704569
-14.231182
-13.953662
-15.543799
-18.407694
-20.901930
-21.106812
-17.851780
-11.505104
-3.926272
2.544743
6.368132
7.460451
6.896404
5.983945
5.423953
5.112080
4.455079
2.775050
-0.246887
-4.149245
-7.753554
-9.801440
-9.573897
-7.075264
-2.874838
2.150787
6.964955
10.439051
11.601155
10.070034
6.341982
1.730168
-1.921148
-2.660034
0.832629
8.289620
17.503357
25.250717
29.029205
28.276119
24.164165
18.455561
12.610354
7.508802
3.380709
-0.105793
-3.501604
-7.289114
-11.789406
-17.047026
-22.692430
-27.957125
-31.866131
-33.573784
-32.704624
-29.409422
-24.149101
-17.632864
-11.003297
-5.737129
-2.982523
-2.864365
-4.355628
-5.671297
-4.888953
-0.723263
6.654462
15.208052
21.597498
22.720846
17.368084
6.989818
-4.634365
-12.673950
-13.354894
-5.979686
6.643988
19.671764
28.423525
30.136517
24.773174
14.784794
3.916731
-4.470353
-8.589419
-8.342158
-4.894006
-0.270036
3.319976
4.468946
3.111903
0.234187
-2.808589
-4.919769
-5.766761
-6.042856
-7.134265
-10.219099
-15.595435
-22.747086
-30.596605
-37.536644
-41.687355
-41.588428
-36.941067
-29.102453
-20.973822
-15.805719
-15.340139
-18.740072
-23.129292
-24.917562
-20.846165
-8.918689
10.462592
34.010880
56.569267
73.082581
80.388023
78.136932
68.532585
55.072845
41.209194
29.682957
22.376375
20.189360
22.821005
28.605824
34.705070
37.936462
35.967735
28.091572
15.174310
-0.913445
-17.926912
-33.684742
-46.195812
-53.697327
-55.137482
-51.037758
-43.737877
-36.388096
-31.441912
-29.886383
-31.461496
-35.178699
-39.681835
-43.551773
-45.657413
-45.553947
-43.835663
-42.019672
-41.681320
-43.367359
-46.094440
-47.609661
-45.077789
-36.000793
-19.335150
3.563401
28.935505
51.974659
68.819382
77.802628
79.464043
75.952896
70.308678
65.673988
64.614037
68.570526
77.272675
88.458900
98.624542
104.732552
105.757721
102.955307
98.928947
96.513649
98.030327
104.510681
114.710426
124.754730
129.223755
123.182083
103.909729
71.694199
29.603533
-17.820803
-66.251602
-112.245735
-152.811081
-185.180695
-207.171951
-217.376877
-215.003464
-199.817520
-172.317673
-133.957901
-87.267349
-35.707275
16.802210
66.361496
109.327484
142.747482
165.212112
177.292313
180.983383
178.769638
172.923462
165.088943
156.244186
146.959488
137.574951
128.298309
119.392906
111.289871
104.545715
99.829018
97.968964
99.874596
106.157997
116.657707
130.361725
145.797882
161.401031
175.613022
186.899765
193.784195
194.780930
188.185074
172.128143
145.512787
109.306816
66.531677
20.590393
-26.253323
-72.901161
-118.570419
-162.045532
-201.365021
-234.134491
-258.361420
-273.159302
-278.878510
-276.896942
-269.336670
-258.579803
-246.628555
-234.763809
-223.647354
-213.568329
-204.715805
-197.468414
-192.438583
-190.121262
-190.480042
-192.938049
-196.766083
-201.358307
-206.101028
-210.145493
-212.487442
-212.421249
-210.172943
-207.248108
-206.005219
-208.569107
-215.736801
-226.395142
-237.717117
-246.169724
-248.816284
-244.190414
-232.504700
-215.269928
-194.482727
-171.867279
-148.594788
-125.321075
-102.282272
-79.459267
-56.755695
-34.070011
-11.310083
11.582604
34.596634
57.573486
80.101295
101.483818
120.901222
137.762695
151.994446
163.937790
173.970993
182.341080
189.311676
195.224625
200.317886
204.605865
208.004486
210.554337
212.582367
214.716293
217.678757
221.870102
226.864059
231.120697
232.364151
228.641586
219.263519
204.874664
186.878983
166.823090
145.921951
124.845505
103.965820
83.851608
65.547318
50.377663
39.321323
32.500950
29.347597
28.966244
30.025892
30.782581
29.873089
27.044558
23.039930
19.142782
16.885204
17.721441
22.562277
31.432848
43.485851
57.336620
71.473625
84.531387
95.410110
103.332695
107.886749
109.054016
107.239731
103.195518
97.656281
90.889671
82.613174
72.278389
59.374817
43.647816
25.246492
4.709309
-17.215414
-39.776600
-62.295380
-84.029938
-103.998924
-121.078728
-134.413910
-143.734985
-149.155502
-150.710526
-148.514389
-143.677155
-138.738037
-136.647568
-139.117172
-145.830002
-154.909500
-164.013474
-171.345200
-176.117950
-178.382889
-178.645309
-177.669754
-176.270767
-174.801193
-172.630646
-168.078491
-158.862015
-142.908340
-119.387497
-89.610870
-57.184692
-26.900446
-2.509962
15.256851
28.717651
41.358963
55.861465
73.187614
92.555389
111.993126
129.224792
142.428375
150.589035
153.470047
151.398605
145.122955
135.753464
124.632118
113.132812
102.478325
93.673515
87.612099
85.097679
86.431404
90.789528
96.155678
100.228325
101.731224
101.112442
100.271957
101.717438
107.537933
118.397034
133.060562
149.030304
163.908142
176.389038
186.401031
194.700821
202.251480
209.589371
216.299896
220.657349
219.818954
210.967041
192.828690
166.364151
134.151657
99.137138
63.759106
29.911673
-0.679688
-26.471468
-46.672199
-61.635529
-72.415756
-79.874908
-84.268692
-85.464714
-83.184158
-77.031960
-66.673721
-52.350834
-35.334583
-17.707079
-1.444030
12.460617
24.153677
34.396423
43.891403
52.992542
61.868832
70.771217
80.144455
90.573723
102.597649
116.472084
131.976959
148.188644
163.307114
175.124420
182.293793
185.274719
185.884064
185.953156
186.292908
186.543350
185.748764
182.974258
177.374252
167.891525
153.071808
131.290176
101.676163
65.451141
26.394808
-10.357117
-40.365601
-61.543545
-74.727707
-82.865425
-89.351143
-96.748398
-106.325485
-118.019859
-130.768982
-143.153992
-153.963943
-162.572662
-169.163895
-174.580292
-179.816742
-185.572372
-192.063004
-199.012878
-205.829132
-211.943085
-217.089783
-221.341171
-224.959061
-228.210785
-231.230530
-233.963654
-236.185318
-237.606201
-238.132431
-238.195007
-238.815125
-241.195831
-246.120804
-253.623077
-262.990936
-272.914215
-281.773224
-288.080872
-290.812744
-289.392456
-283.343018
-271.877197
-254.094376
-230.143997
-202.248077
-173.973907
-148.266693
-126.576637
-109.558762
-97.347816
-88.913765
-82.269890
-75.746178
-68.676544
-61.153893
-53.698174
-47.018791
-41.750378
-38.277321
-36.639362
-36.496971
-37.192024
-37.835785
-37.453091
-35.263298
-30.929371
-24.519518
-16.218555
-6.178249
5.236460
17.170515
28.409678
37.671227
43.703575
45.442219
42.398872
34.912041
24.055645
11.401497
-1.335823
-12.788545
-22.250685
-29.561752
-34.695545
-37.455666
-37.599152
-35.139652
-30.319744
-23.384962
-14.584844
-4.294857
6.929476
18.261599
28.568851
36.657558
41.723633
43.759792
43.655769
42.818218
42.505032
43.272186
44.729214
45.699902
44.828896
41.283222
35.032799
26.660616
17.009590
6.859986
-3.239760
-12.894899
-21.679850
-29.053673
-34.354050
-36.793449
-35.567005
-30.208126
-21.014311
-9.066411
4.304540
18.019274
31.175035
42.738213
51.699898
57.676971
61.224827
63.384079
64.918297
66.022339
66.578262
66.523247
66.096687
65.881058
66.567955
68.577454
71.747185
75.267044
77.988487
78.978340
77.937950
75.246590
71.715752
68.362640
66.413765
67.312279
72.294266
81.495461
93.166634
103.902634
110.217842
110.340012
104.634300
94.717522
82.633278
70.561501
60.512421
53.904560
51.375965
52.841110
57.671898
65.032074
74.178871
84.412193
94.830650
104.337463
111.872543
116.515869
117.415230
113.758911
104.933838
90.890541
72.516182
51.519886
29.684708
8.228928
-12.074678
-30.497608
-46.396030
-59.579746
-70.484077
-79.918999
-88.614319
-96.953606
-104.918671
-111.969505
-116.951019
-118.366898
-114.923706
-105.840599
-90.737099
-69.596268
-43.232468
-13.725829
15.976209
43.080879
65.803123
83.695290
97.364517
107.654739
114.968964
119.348633
120.939949
120.124649
117.234604
112.272453
104.986946
95.277451
83.550980
70.696861
57.766029
45.707253
35.276951
26.933083
20.708355
16.286209
13.216867
11.046446
9.420886
8.224678
7.574720
7.646075
8.516670
10.125730
12.386108
15.429273
19.706797
25.692757
33.407562
42.215515
50.993607
58.438114
63.380733
65.127594
63.699001
59.732700
54.034035
47.139091
39.281956
30.694983
21.861868
13.521058
6.437269
1.096784
-2.384049
-4.062441
-3.989544
-2.255816
0.891806
5.062517
9.867232
15.050228
20.462454
25.889755
30.894754
34.811787
36.949345
36.929958
34.887169
31.298985
26.706493
21.687735
16.943134
13.132346
10.524015
8.809771
7.270020
5.170739
2.097662
-1.949827
-6.678055
-11.741650
-16.965958
-22.406166
-28.258333
-34.701180
-41.714211
-49.004402
-56.167805
-62.968891
-69.484360
-76.008492
-82.816353
-89.924255
-96.897743
-102.708099
-105.733009
-104.010551
-95.636230
-79.224846
-54.822006
-25.315207
3.198698
23.808729
32.653427
30.636463
21.716160
10.162530
-0.896000
-9.630425
-15.150404
-17.059006
-15.286619
-10.233671
-2.849758
5.481375
13.165636
18.759493
21.358875
20.769152
17.399546
11.978673
5.280379
-1.934988
-8.867653
-14.780844
-19.211878
-22.083105
-23.697132
-24.669472
-25.763414
-27.616554
-30.483206
-34.177608
-38.251251
-42.223934
-45.704849
-48.415031
-50.172665
-50.864441
-50.438972
-48.921898
-46.387486
-42.898621
-38.495865
-33.222572
-27.141359
-20.394390
-13.347077
-6.706388
-1.420953
1.691800
2.346820
0.883656
-1.988547
-5.526639
-9.126588
-12.301077
-14.612706
-15.740526
-15.660090
-14.721198
-13.502402
-12.575515
-12.351574
-13.000999
-14.403478
-16.190149
-17.876392
-18.975939
-19.103901
-18.151142
-16.434681
-14.638602
-13.545959
-13.725896
-15.320338
-18.027863
-21.292257
-24.504885
-27.033554
-28.196323
-27.409384
-24.458128
-19.621729
-13.530211
-6.931822
-0.591220
4.728376
8.394486
10.140207
10.182683
9.088378
7.500057
5.935977
4.731144
4.027922
3.727349
3.457913
2.708822
1.118264
-1.332858
-4.386571
-7.677893
-10.828304
-13.520515
-15.621973
-17.247751
-18.673294
-20.165258
-21.834745
-23.551992
-24.947233
-25.546761
-25.006676
-23.252184
-20.393852
-16.572285
-11.950344
-6.819883
-1.661901
2.882552
6.161045
7.822918
8.086783
7.646273
7.305615
7.706200
9.213699
11.840148
15.260540
18.981762
22.501884
25.357317
27.181479
27.858162
27.634218
27.039709
26.683777
27.103596
28.701717
31.710543
36.165379
41.851879
48.235870
54.527756
59.919495
63.795368
65.827187
66.035179
64.749603
62.359409
59.033459
54.718857
49.382149
43.178967
36.403542
29.352104
22.267939
15.396816
9.059305
3.639966
-0.481791
-2.937635
-3.313557
-1.219143
3.443171
10.258981
18.399727
26.963102
35.251282
42.788300
49.167137
53.984226
56.951469
58.030685
57.460575
55.666744
53.089699
50.065556
46.876495
43.812508
41.038967
38.425228
35.618244
32.307739
28.408129
24.042969
19.421963
14.743628
10.189594
5.964050
2.285399
-0.691221
-2.949913
-4.604352
-5.813041
-6.729179
-7.529363
-8.435049
-9.665873
-11.349489
-13.425883
-15.631071
-17.651838
-19.335119
-20.704662
-21.781759
-22.443632
-22.436607
-21.510300
-19.635563
-17.180582
-14.850414
-13.388221
-13.253493
-14.475415
-16.737959
-19.613392
-22.779814
-26.100878
-29.559061
-33.122208
-36.662636
-40.010975
-43.101006
-46.048962
-49.058788
-52.229801
-55.437901
-58.369045
-60.658623
-62.037804
-62.398834
-61.781933
-60.367908
-58.476662
-56.474247
-54.615387
-52.975155
-51.501438
-50.094677
-48.670052
-47.187344
-45.624744
-43.929871
-42.007488
-39.758488
-37.154278
-34.304192
-31.464758
-28.999062
-27.309216
-26.702185
-27.221228
-28.623833
-30.556067
-32.709366
-34.814899
-36.574085
-37.650890
-37.775478
-36.935833
-35.470798
-33.878208
-32.493324
-31.374458
-30.420605
-29.474424
-28.326965
-26.733582
-24.489916
-21.519121
-17.889868
-13.720531
-9.062458
-3.898105
1.760128
7.771927
13.820205
19.438309
24.139811
27.597279
29.727392
30.616339
30.425329
29.399313
27.857122
26.070807
24.193518
22.333208
20.642618
19.317116
18.507395
18.201576
18.182962
18.133608
17.813408
17.200861
16.538454
16.247042
16.715548
18.088753
20.214373
22.773357
25.453419
28.034237
30.392864
32.495411
34.390621
36.194469
38.045231
40.004478
41.963959
43.683201
44.945847
45.654003
45.772385
45.236610
43.919514
41.635464
38.204830
33.611923
28.140608
22.316971
16.655565
11.429609
6.707345
2.600536
-0.597357
-2.578305
-3.361162
-3.459878
-3.601415
-4.186647
-5.040067
-5.641385
-5.522701
-4.527705
-2.840737
-0.808148
1.277667
3.255918
5.075921
6.793061
8.579218
10.681321
13.294557
16.403061
19.727903
22.852207
25.414412
27.218237
28.217554
28.444418
27.979572
26.970961
25.601954
24.002497
22.223007
20.288418
18.219824
15.989495
13.483844
10.538157
7.049041
3.099225
-1.018875
-4.927438
-8.348846
-11.223503
-13.703487
-16.059317
-18.582491
-21.521879
-25.003836
-28.918890
-32.905415
-36.545162
-39.632393
-42.247578
-44.590485
-46.782276
-48.790630
-50.446045
-51.484333
-51.610519
-50.592987
-48.349213
-44.941868
-40.492764
-35.164623
-29.248777
-23.148512
-17.172880
-11.407503
-5.842457
-0.551598
4.288910
8.485316
11.893206
14.423750
16.003899
16.563906
16.095436
14.712852
12.620682
9.983441
6.821349
3.047481
-1.398090
-6.430770
-11.773839
-17.013968
-21.763952
-25.832617
-29.265158
-32.236656
-34.929516
-37.494629
-40.038532
-42.572342
-44.969070
-46.973976
-48.266357
-48.563099
-47.701637
-45.649124
-42.500999
-38.495209
-33.942245
-29.103302
-24.203764
-19.555590
-15.541991
-12.408444
-10.100217
-8.344809
-6.863277
-5.468190
-4.038622
-2.522116
-0.986062
0.345877
1.110357
0.928754
-0.378448
-2.674585
-5.622362
-8.894573
-12.262466
-15.551415
-18.582500
-21.149117
-23.034758
-24.082190
-24.275452
-23.760012
-22.748638
-21.344631
-19.435902
-16.791315
-13.279742
-9.002439
-4.245859
0.641967
5.331363
9.578882
13.333125
16.776215
20.204737
23.827631
27.608379
31.231478
34.256584
36.387383
37.594204
37.987869
37.685848
36.838875
35.673470
34.450665
33.439545
32.927139
33.161335
34.212276
35.886124
37.826084
39.742840
41.550995
43.318104
45.153275
47.138584
49.291180
51.547600
53.769894
55.751320
57.240833
58.032742
58.088238
57.567764
56.712303
55.684544
54.524574
53.212643
51.720074
50.000137
47.961399
45.479832
42.462311
38.906967
34.908939
30.634321
26.298054
22.135557
18.357340
15.102905
12.423259
10.314633
8.767395
7.759857
7.215685
7.005112
6.984344
7.015480
6.970142
6.741569
6.260967
5.514561
4.552828
3.471905
2.374123
1.340674
0.435054
-0.281727
-0.772911
-1.109233
-1.548417
-2.475345
-4.164117
-6.570691
-9.400354
-12.345100
-15.180260
-17.688110
-19.609060
-20.683496
-20.722675
-19.674269
-17.624237
-14.683532
-10.860626
-6.097326
-0.463064
5.717292
11.963489
17.856602
23.161200
27.820724
31.916691
35.579269
38.818558
41.424068
43.080860
43.587013
42.952778
41.359562
39.083752
36.402294
33.485260
30.358450
26.947662
23.133572
18.810631
13.961060
8.693341
3.227712
-2.125584
-7.002961
-11.118156
-14.456707
-17.299829
-19.927401
-22.269875
-23.934958
-24.590158
-24.254589
-23.243208
-21.949951
-20.728933
-19.876589
-19.585272
-19.870607
-20.586308
-21.542709
-22.614923
-23.755268
-24.938566
-26.107504
-27.145126
-27.881624
-28.153484
-27.905357
-27.260204
-26.484253
-25.873585
-25.648960
-25.891867
-26.528578
-27.393000
-28.334545
-29.272736
-30.181335
-31.062660
-31.934378
-32.819313
-33.740623
-34.718266
-35.758865
-36.840221
-37.887440
-38.744953
-39.178349
-38.947529
-37.933868
-36.214306
-33.995861
-31.490196
-28.871746
-26.309082
-23.972319
-22.018925
-20.590614
-19.783905
-19.597708
-19.944262
-20.735613
-21.939922
-23.554598
-25.566259
-27.940010
-30.587799
-33.310040
-35.788315
-37.661335
-38.643921
-38.650539
-37.862137
-36.643990
-35.331585
-34.057442
-32.753353
-31.275368
-29.511034
-27.399155
-24.899364
-21.988298
-18.695061
-15.111517
-11.354336
-7.543671
-3.834598
-0.447194
2.367148
4.423206
5.695374
6.318648
6.497397
6.424209
6.260268
6.130454
6.119696
6.314936
6.890577
8.163426
10.522192
14.206905
19.089888
24.689547
30.432043
35.906925
40.911213
45.338909
49.094810
52.111237
54.390312
55.976154
56.900375
57.189411
56.882343
55.982677
54.432499
52.208462
49.437851
46.376472
43.274113
40.277973
37.443195
34.799313
32.396179
30.297548
28.548719
27.164572
26.147999
25.516212
25.308002
25.536781
26.092108
26.697737
27.032621
26.938555
26.527576
26.127419
26.150236
26.944944
28.638191
31.043243
33.747715
36.301800
38.307392
39.423523
39.460396
38.503902
36.862446
34.878632
32.813812
30.834839
29.017092
27.361382
25.837805
24.419130
23.085394
21.813999
20.571512
19.317503
18.014427
16.634054
15.163320
13.605955
11.973415
10.277924
8.537438
6.777477
5.021893
3.295465
1.652674
0.196364
-0.962077
-1.780387
-2.321982
-2.727779
-3.184455
-3.916232
-5.140519
-6.951793
-9.219875
-11.650784
-14.010612
-16.259516
-18.422087
-20.436680
-22.234730
-23.826782
-25.170744
-26.079288
-26.373772
-26.047815
-25.244865
-24.158916
-22.969944
-21.814194
-20.775059
-19.868074
-19.014608
-18.061094
-16.883163
-15.524137
-14.254733
-13.466155
-13.446636
-14.231523
-15.655498
-17.508087
-19.612421
-21.808861
-23.934399
-25.804304
-27.166258
-27.707279
-27.217516
-25.829372
-24.070667
-22.612307
-21.951048
-22.299473
-23.634914
-25.763866
-28.382359
-31.107454
-33.492470
-35.134502
-35.853146
-35.765217
-35.175293
-34.385509
-33.592571
-32.926853
-32.532711
-32.591366
-33.274647
-34.659565
-36.667667
-39.075836
-41.571465
-43.831020
-45.612488
-46.765903
-47.113400
-46.369305
-44.266315
-40.785259
-36.293774
-31.540356
-27.483646
-24.920931
-24.097837
-24.653873
-25.959759
-27.490549
-28.947636
-30.195827
-31.191240
-31.952353
-32.544643
-33.051048
-33.530884
-33.996964
-34.423077
-34.764317
-34.979641
-35.047565
-34.953590
-34.655651
-34.075794
-33.147301
-31.878160
-30.360819
-28.712749
-27.003891
-25.212761
-23.195446
-20.670868
-17.299004
-12.917111
-7.820274
-2.759223
1.517229
4.774096
7.294706
9.479258
11.580161
13.709273
15.896055
18.125778
20.377689
22.627108
24.825369
26.897097
28.755615
30.340986
31.664175
32.805264
33.861340
34.898338
35.940781
36.986259
38.022202
39.038204
40.032948
41.010399
41.966412
42.876724
43.697895
44.386734
44.930717
45.363411
45.744076
46.117470
46.487381
46.810528
47.001736
46.959316
46.616692
45.987339
45.156948
44.225060
43.253616
42.264759
41.273571
40.327030
39.535992
39.077557
39.138371
39.815170
41.050953
42.658035
44.362278
45.788612
46.461746
45.955868
44.140263
41.276024
37.820717
34.123257
30.304167
26.351105
22.250158
18.057323
13.906589
9.960946
6.357123
3.196585
0.573009
-1.414832
-2.717743
-3.428673
-3.790158
-4.083244
-4.514570
-5.178909
-6.068503
-7.108341
-8.212638
-9.325064
-10.421598
-11.499344
-12.570084
-13.657365
-14.794044
-16.014519
-17.338139
-18.755686
-20.234392
-21.738188
-23.243406
-24.736849
-26.198835
-27.578821
-28.775408
-29.638680
-29.997437
-29.694761
-28.640848
-26.909536
-24.810961
-22.791887
-21.178722
-20.006372
-19.075790
-18.096159
-16.747749
-14.707821
-11.761428
-8.004545
-3.966299
-0.412883
2.119895
3.617557
4.405897
4.795594
4.959045
5.000505
4.999711
5.002886
5.013630
4.984872
4.817815
4.379695
3.536245
2.197437
0.374163
-1.780085
-4.004395
-6.067355
-7.890531
-9.524203
-11.031776
-12.424830
-13.662388
-14.662541
-15.323921
-15.562055
-15.350826
-14.751229
-13.888846
-12.882898
-11.797196
-10.644042
-9.401795
-8.022241
-6.438338
-4.591507
-2.496732
-0.309662
1.704921
3.332978
4.563039
5.576097
6.603240
7.804207
9.244828
10.949099
12.961156
15.319419
17.916212
20.405106
22.326651
23.346516
23.345005
22.335817
20.423708
17.854231
15.006730
12.278012
9.949290
8.123057
6.761667
5.784185
5.126169
4.729468
4.514710
4.377572
4.191170
3.791701
2.981084
1.602978
-0.335944
-2.637156
-5.060118
-7.500989
-9.948964
-12.234744
-13.883052
-14.300172
-13.182481
-10.788388
-7.821686
-5.048916
-2.979461
-1.788464
-1.437192
-1.818208
-2.759966
-3.917201
-4.757267
-4.773785
-3.784108
-2.024810
0.032376
1.935611
3.390425
4.268961
4.543695
4.216707
3.326909
2.020682
0.549066
-0.867096
-2.135943
-3.207474
-3.938534
-4.106950
-3.538704
-2.218792
-0.339651
1.726763
3.530638
4.667400
4.875907
4.103487
2.523072
0.477379
-1.654412
-3.625675
-5.411349
-7.124740
-8.842253
-10.491399
-11.854879
-12.676230
-12.815787
-12.322042
-11.335856
-9.951091
-8.207490
-6.209653
-4.219750
-2.607641
-1.672004
-1.477897
-1.858941
-2.538225
-3.209739
-3.576807
-3.439423
-2.794968
-1.863366
-1.029229
-0.707051
-1.136987
-2.229306
-3.628932
-4.986066
-6.183454
-7.319999
-8.530982
-9.866251
-11.312555
-12.864819
-14.540274
-16.328966
-18.126163
-19.689196
-20.665728
-20.730083
-19.778809
-18.019125
-15.828788
-13.519223
-11.243593
-9.070802
-7.074673
-5.371339
-4.103196
-3.356848
-3.073856
-3.058494
-3.085788
-3.010312
-2.799308
-2.497107
-2.168332
-1.859666
-1.598564
-1.416432
-1.362022
-1.485795
-1.811084
-2.330452
-3.046481
-4.014119
-5.317977
-6.989637
-8.943220
-10.977651
-12.817387
-14.159838
-14.746175
-14.449015
-13.313633
-11.533055
-9.388416
-7.139429
-4.886739
-2.558906
-0.093859
2.372641
4.541355
6.185525
7.319381
8.110634
8.697755
9.159066
9.581212
10.062411
10.675054
11.453496
12.379198
13.363532
14.269736
14.961780
15.331342
15.297475
14.832916
14.035812
13.153037
12.473909
12.181150
12.293889
12.690006
13.141472
13.402189
13.358325
13.099444
12.837694
12.790892
13.100330
13.755110
14.580727
15.350192
15.917057
16.259962
16.449024
16.584103
16.747822
17.004210
17.429234
18.133671
19.243156
20.819630
22.773308
24.858135
26.774921
28.307659
29.401716
30.143860
30.675266
31.111616
31.513634
31.896437
32.254398
32.584972
32.896839
33.203842
33.518566
33.848400
34.186794
34.495087
34.679371
34.583984
34.033150
32.919971
31.276482
29.251791
27.023949
24.748827
22.586761
20.747015
19.477024
18.967947
19.224976
20.029560
21.057087
22.027031
22.730473
22.960808
22.492739
21.182751
19.117014
16.636768
14.157188
11.932246
9.981710
8.182646
6.376582
4.422705
2.225140
-0.247360
-2.964729
-5.866606
-8.891234
-11.975114
-15.035111
-17.951069
-20.552547
-22.635702
-24.044001
-24.774630
-25.004517
-24.996576
-24.987183
-25.157656
-25.651604
-26.552843
-27.837563
-29.373730
-30.988075
-32.548325
-34.001278
-35.359985
-36.665680
-37.941860
-39.157719
-40.220413
-41.003174
-41.407169
-41.428246
-41.166798
-40.762218
-40.320324
-39.898476
-39.531391
-39.250938
-39.085098
-39.042961
-39.102211
-39.218491
-39.349960
-39.470863
-39.570171
-39.651611
-39.741177
-39.896156
-40.204624
-40.760021
-41.611946
-42.727989
-43.996758
-45.248337
-46.252571
-46.725590
-46.421158
-45.296692
-43.604717
-41.774956
-40.164173
-38.893661
-37.868969
-36.896778
-35.799496
-34.481850
-32.929569
-31.156902
-29.161472
-26.945131
-24.594158
-22.321968
-20.381781
-18.901438
-17.812099
-16.943422
-16.157160
-15.385909
-14.598342
-13.758438
-12.793772
-11.588567
-10.028063
-8.074036
-5.801059
-3.343347
-0.797008
1.825991
4.568844
7.474693
10.538754
13.684487
16.776869
19.659769
22.205578
24.374210
26.234762
27.899998
29.424835
30.771784
31.864794
32.670586
33.240612
33.681450
34.088013
34.510593
34.965466
35.444653
35.911594
36.297436
36.508106
36.457703
36.126266
35.595058
35.019909
34.566330
34.352615
34.411518
34.674545
34.999859
35.229237
35.232288
34.937542
34.360065
33.596111
32.779884
32.049328
31.535749
31.339375
31.482044
31.888481
32.433903
33.016582
33.587334
34.134071
34.664310
35.198318
35.763100
36.385681
37.084454
37.860771
38.701138
39.586433
40.489883
41.357170
42.084034
42.520195
42.529018
42.094444
41.389957
40.707588
40.277096
40.147221
40.228085
40.396248
40.534225
40.511803
40.183662
39.434540
38.245380
36.708832
34.945942
32.992603
30.773384
28.179987
25.175344
21.840437
18.331005
14.798208
11.358517
8.107187
5.110566
2.378693
-0.126707
-2.433316
-4.500782
-6.233561
-7.562272
-8.506263
-9.146358
-9.542596
-9.696860
-9.602848
-9.322592
-9.014124
-8.900466
-9.205906
-10.080280
-11.547644
-13.521262
-15.862128
-18.413326
-21.005802
-23.481071
-25.727406
-27.692144
-29.358431
-30.703148
-31.685747
-32.307037
-32.676601
-32.986595
-33.404728
-33.997166
-34.736122
-35.545685
-36.324928
-36.943771
-37.250835
-37.123264
-36.535233
-35.577606
-34.397514
-33.119846
-31.825365
-30.574181
-29.428276
-28.465387
-27.779282
-27.444021
-27.457941
-27.727570
-28.119324
-28.529318
-28.908588
-29.247005
-29.553314
-29.840351
-30.112753
-30.364746
-30.587450
-30.776680
-30.934650
-31.059559
-31.127701
-31.087545
-30.879059
-30.468399
-29.866259
-29.104004
-28.190077
-27.101690
-25.823240
-24.381319
-22.835464
-21.241974
-19.631987
-18.013899
-16.380716
-14.713898
-12.992561
-11.209086
-9.380306
-7.545675
-5.753556
-4.043878
-2.436965
-0.942154
0.404852
1.501553
2.190404
2.343094
1.957442
1.171359
0.172219
-0.903092
-1.980757
-2.991033
-3.808550
-4.234370
-4.048924
-3.130190
-1.542826
0.494435
2.718121
4.895746
6.855857
8.517893
9.900194
11.072088
12.095409
13.012665
13.867033
14.708710
15.579718
16.497700
17.446997
18.374693
19.198172
19.830442
20.209929
20.303789
20.072369
19.439297
18.320496
16.685616
14.590624
12.185354
9.707252
7.419503
5.515825
4.098045
3.225943
2.919786
3.096994
3.558380
4.075107
4.492249
4.762698
4.915344
5.004009
5.068523
5.121235
5.154467
5.151542
5.090318
4.937749
4.644293
4.162481
3.503949
2.804326
2.332690
2.401651
3.202422
4.669400
6.493801
8.294984
9.813027
10.984474
11.889380
12.642971
13.308784
13.879325
14.316014
14.602604
14.771721
14.885413
14.986902
15.066134
15.054029
14.837397
14.304935
13.417393
12.239598
10.889015
9.451748
7.953170
6.394649
4.800960
3.233527
1.758890
0.404998
-0.837447
-1.972226
-2.979885
-3.841656
-4.551315
-5.078406
-5.307327
-5.023869
-4.012896
-2.229290
0.109531
2.614456
4.905925
6.716870
7.904011
8.454750
8.480827
8.150483
7.611398
6.971322
6.308519
5.669860
5.070795
4.506629
3.956732
3.381832
2.728103
1.942362
1.001250
-0.054408
-1.106998
-1.986163
-2.524003
-2.627940
-2.332397
-1.776240
-1.115991
-0.455505
0.163613
0.743616
1.317088
1.935682
2.653748
3.501744
4.450677
5.393946
6.177102
6.669440
6.832999
6.736824
6.501182
6.222444
5.943741
5.671481
5.396918
5.111036
4.821264
4.567693
4.431957
4.526014
4.945237
5.703346
6.706364
7.798493
8.837909
9.740760
10.487266
11.109441
11.660394
12.179204
12.681288
13.167819
13.622414
13.986119
14.130797
13.869354
13.032852
11.581729
9.656886
7.520483
5.452431
3.688784
2.397321
1.653174
1.423951
1.583797
1.958801
2.391855
2.784740
3.088436
3.270302
3.292125
3.108073
2.687256
2.038861
1.200643
0.204512
-0.929873
-2.169732
-3.449207
-4.667000
-5.693294
-6.400064
-6.728058
-6.743946
-6.609590
-6.472397
-6.391184
-6.359206
-6.355771
-6.363040
-6.366651
-6.358784
-6.336973
-6.305638
-6.285603
-6.321947
-6.481462
-6.829500
-7.385132
-8.085719
-8.798172
-9.373869
-9.711129
-9.793546
-9.684956
-9.480783
-9.253920
-9.037482
-8.837135
-8.642770
-8.434680
-8.190900
-7.894810
-7.540781
-7.133111
-6.676443
-6.169655
-5.612533
-5.014888
-4.394772
-3.768828
-3.145848
-2.526508
-1.906120
-1.281427
-0.664792
-0.102179
0.318279
0.484820
0.314165
-0.191425
-0.935854
-1.784019
-2.625013
-3.393111
-4.060603
-4.629980
-5.117865
-5.525878
-5.823339
-5.963122
-5.920410
-5.719944
-5.426530
-5.115954
-4.862632
-4.742715
-4.819881
-5.106752
-5.534097
-5.959095
-6.210441
-6.149360
-5.730780
-5.034044
-4.223692
-3.461369
-2.838377
-2.355225
-1.939812
-1.504051
-1.003403
-0.446163
0.130192
0.665871
1.074949
1.263012
1.168164
0.796224
0.208429
-0.542155
-1.462109
-2.600293
-3.986887
-5.600165
-7.395101
-9.351971
-11.473466
-13.720925
-15.953225
-17.926668
-19.369127
-20.102804
-20.137808
-19.638836
-18.772430
-17.586409
-16.044558
-14.157790
-12.057025
-9.937556
-7.951973
-6.173438
-4.640453
-3.398360
-2.504975
-2.022426
-1.984236
-2.342579
-2.964507
-3.701909
-4.460774
-5.211262
-5.963260
-6.742369
-7.568760
-8.442229
-9.343480
-10.247753
-11.137614
-12.005935
-12.848040
-13.649451
-14.376413
-14.966895
-15.313869
-15.254975
-14.618510
-13.344391
-11.579953
-9.607248
-7.631122
-5.656947
-3.599302
-1.467284
0.620653
2.592226
4.503826
6.414069
8.216477
9.656371
10.516080
10.772633
10.588552
10.170111
9.644823
9.051839
8.395377
7.682161
6.928703
6.156656
5.394396
4.690429
4.119890
3.764009
3.667241
3.803756
4.092320
4.456576
4.876423
5.392628
6.074625
6.972698
8.078922
9.326441
10.620778
11.861208
12.940967
13.759995
14.266559
14.492346
14.535859
14.502327
14.457007
14.422599
14.397679
14.372314
14.342015
14.322001
14.357563
14.524039
14.904350
15.544469
16.420326
17.454033
18.567324
19.717812
20.889538
22.056555
23.142572
23.993155
24.392984
24.155067
23.244574
21.834019
20.232479
18.767332
17.716761
17.265186
17.433039
18.048534
18.821690
19.448002
19.666252
19.308258
18.373919
17.058025
15.667075
14.488392
13.700034
13.333402
13.286826
13.403015
13.560217
13.701943
13.815089
13.907634
13.991501
14.058277
14.053011
13.859275
13.320119
12.314265
10.852880
9.113293
7.364851
5.842691
4.659920
3.791941
3.120305
2.503188
1.820441
0.977862
-0.089220
-1.400669
-2.939746
-4.689369
-6.649392
-8.798473
-11.017600
-13.026112
-14.397512
-14.734222
-13.967789
-12.510163
-11.010189
-9.921833
-9.326559
-9.083871
-9.033275
-9.082480
-9.205797
-9.393540
-9.595972
-9.714644
-9.649934
-9.364066
-8.906663
-8.390099
-7.955669
-7.754764
-7.912907
-8.460170
-9.284065
-10.170496
-10.914205
-11.412200
-11.681560
-11.808517
-11.873669
-11.904755
-11.876346
-11.736912
-11.446151
-11.010127
-10.485252
-9.941886
-9.424191
-8.940649
-8.479028
-8.022721
-7.559150
-7.084283
-6.608430
-6.163741
-5.807415
-5.609721
-5.622109
-5.842926
-6.213367
-6.650900
-7.085330
-7.466368
-7.750103
-7.878560
-7.753318
-7.227735
-6.167647
-4.572493
-2.640655
-0.670930
1.129558
2.738680
4.241125
5.688784
7.025931
8.112753
8.812663
9.076637
8.963045
8.590780
8.079724
7.518880
6.958752
6.417921
5.900359
5.410399
4.955309
4.540207
4.162007
3.807990
3.462486
3.115481
2.766365
2.425138
2.112942
1.858345
1.688746
1.623914
1.679073
1.871247
2.211959
2.687679
3.253389
3.848891
4.416039
4.903345
5.271717
5.506589
5.612847
5.577292
5.330622
4.762436
3.797622
2.475541
0.961393
-0.519833
-1.771784
-2.688980
-3.281026
-3.647732
-3.910696
-4.156742
-4.433505
-4.769888
-5.185229
-5.685948
-6.261697
-6.893719
-7.578390
-8.345195
-9.244976
-10.305666
-11.477065
-12.609686
-13.500064
-13.970559
-13.932614
-13.446270
-12.778505
-12.345122
-12.470752
-13.171658
-14.204722
-15.286568
-16.221748
-16.906216
-17.310347
-17.451691
-17.349361
-16.998537
-16.378111
-15.484618
-14.367049
-13.099795
-11.689920
-10.020123
-7.912958
-5.298680
-2.371730
0.426723
2.631907
3.972155
4.397643
4.020240
3.079795
1.860585
0.558170
-0.759059
-2.087466
-3.436982
-4.814209
-6.215465
-7.629315
-9.037669
-10.413585
-11.728174
-12.948080
-13.999039
-14.725386
-14.920551
-14.456150
-13.410820
-12.064570
-10.765545
-9.791966
-9.275577
-9.184164
-9.375342
-9.701242
-10.076893
-10.468487
-10.842995
-11.122582
-11.171306
-10.847239
-10.101645
-9.030123
-7.814770
-6.620658
-5.542738
-4.610332
-3.811516
-3.128694
-2.568074
-2.150169
-1.875214
-1.711018
-1.617474
-1.579002
-1.611591
-1.740208
-1.970467
-2.278450
-2.623503
-2.968822
-3.290772
-3.577075
-3.826568
-4.053598
-4.295173
-4.619828
-5.124618
-5.898182
-6.949919
-8.147988
-9.224625
-9.860747
-9.793603
-8.876084
-7.081890
-4.538184
-1.608672
1.160277
3.361471
5.002161
6.333725
7.437344
8.100603
8.065064
7.289063
5.984987
4.464978
2.939360
1.398703
-0.339880
-2.418499
-4.689027
-6.649971
-7.673462
-7.387529
-5.938777
-3.923901
-2.027501
-0.662150
0.122296
0.496348
0.677500
0.825926
1.013266
1.246959
1.501771
1.729595
1.867341
1.856630
1.669479
1.326971
0.894633
0.467243
0.172068
0.173466
0.633756
1.636122
3.134490
4.972396
6.935890
8.805031
10.428084
11.792554
12.994898
14.123787
15.188171
16.132505
16.884766
17.396633
17.635756
17.517279
16.865761
15.509760
13.463584
11.015582
8.604035
6.594980
5.188624
4.502918
4.670088
5.781930
7.694690
9.917768
11.791338
12.816552
12.830683
11.972304
10.564967
8.975795
7.504306
6.361443
5.671674
5.436600
5.535581
5.813240
6.178402
6.633812
7.234848
8.017552
8.937987
9.865522
10.643545
11.155233
11.314222
11.002063
10.062198
8.398228
6.086793
3.391720
0.686218
-1.639157
-3.266070
-4.042355
-4.026659
-3.441172
-2.568800
-1.655045
-0.852160
-0.212994
0.288972
0.733476
1.220458
1.832446
2.594071
3.434085
4.197452
4.751589
5.114133
5.451737
5.928643
6.573617
7.298389
7.999626
8.621204
9.158940
9.638598
10.081994
10.482838
10.803126
10.972088
10.884670
10.426093
9.535132
8.265532
6.775980
5.243498
3.785761
2.456489
1.284761
0.301827
-0.462971
-1.002775
-1.347126
-1.555400
-1.688551
-1.768967
-1.753933
-1.548560
-1.061834
-0.281265
0.691607
1.695508
2.612140
3.410435
4.098499
4.651517
4.984193
4.981950
4.565044
3.733451
2.554237
1.118513
-0.468192
-2.039887
-3.313430
-3.907456
-3.499921
-2.066881
-0.018857
1.923562
3.081367
3.153987
2.280859
0.814414
-0.947811
-2.855993
-4.833535
-6.761916
-8.439233
-9.667532
-10.390948
-10.712316
-10.751671
-10.511802
-9.887511
-8.789030
-7.270808
-5.558266
-3.943098
-2.662423
-1.876692
-1.693128
-2.138231
-3.107993
-4.379432
-5.687693
-6.783867
-7.420135
-7.343657
-6.397512
-4.660933
-2.475178
-0.328757
1.296031
2.054544
1.851452
0.865471
-0.587788
-2.240593
-3.927640
-5.540380
-7.008790
-8.301773
-9.388404
-10.197022
-10.635536
-10.665210
-10.349616
-9.808950
-9.116823
-8.249805
-7.138153
-5.780908
-4.347526
-3.150539
-2.454083
-2.304311
-2.576243
-3.133768
-3.886312
-4.754003
-5.663478
-6.569348
-7.452286
-8.307783
-9.141167
-9.960462
-10.764790
-11.530694
-12.204018
-12.712590
-13.003255
-13.081533
-13.017390
-12.903394
-12.800856
-12.718384
-12.625729
-12.482636
-12.267003
-11.982319
-11.631502
-11.178847
-10.540037
-9.622738
-8.407773
-7.019380
-5.709656
-4.736138
-4.217488
-4.088217
-4.181769
-4.347651
-4.498727
-4.590373
-4.596092
-4.504348
-4.322637
-4.075760
-3.789733
-3.469455
-3.093359
-2.630292
-2.063436
-1.404128
-0.682856
0.075041
0.861994
1.678482
2.515628
3.346031
4.131246
4.843559
5.483076
6.071263
6.624042
7.125112
7.519211
7.733438
7.719343
7.488246
7.105858
6.648425
6.165864
5.681232
5.207769
4.757832
4.343954
3.984145
3.713300
3.584687
3.645131
3.898481
4.297252
4.778351
5.309394
5.902829
6.593566
7.403991
8.317504
9.272628
10.174641
10.912203
11.383194
11.531260
11.350480
10.824683
9.865997
8.360083
6.312879
3.957053
1.699453
-0.055579
-1.080933
-1.405379
-1.255313
-0.889412
-0.451645
0.059433
0.738504
1.697081
2.979656
4.518438
6.171967
7.804127
9.326012
10.684199
11.831894
12.724527
13.351843
13.766140
14.057821
14.299484
14.521025
14.725727
14.909440
15.057538
15.114475
14.942384
14.320891
13.037374
11.038557
8.519746
5.853399
3.422218
1.492430
0.151081
-0.705818
-1.279967
-1.697334
-1.897073
-1.652408
-0.698403
1.067536
3.429142
5.913100
8.057270
9.642813
10.703052
11.371001
11.744430
11.858102
11.731624
11.419893
11.014311
10.598397
10.205960
9.810854
9.337772
8.687214
7.775136
6.571036
5.127832
3.620852
2.371478
1.763997
2.035576
3.109223
4.653336
6.299915
7.802748
9.067994
10.130048
11.094999
12.048886
12.985380
13.796802
14.322049
14.432858
14.115473
13.479544
12.682459
11.845380
11.027706
10.239089
9.440261
8.532412
7.366061
5.796274
3.784877
1.481395
-0.824175
-2.872099
-4.559998
-5.897088
-6.874664
-7.427711
-7.514256
-7.195342
-6.621799
-5.948991
-5.269358
-4.607310
-3.941884
-3.225847
-2.412634
-1.499466
-0.565371
0.238905
0.768080
0.956020
0.790539
0.227221
-0.821264
-2.391781
-4.391193
-6.617175
-8.828593
-10.782529
-12.251450
-13.078538
-13.253552
-12.929991
-12.345454
-11.703991
-11.117685
-10.620785
-10.189683
-9.741677
-9.138251
-8.215112
-6.861123
-5.137282
-3.340709
-1.912554
-1.220919
-1.373120
-2.198511
-3.407705
-4.778398
-6.208842
-7.649534
-9.039583
-10.311396
-11.434996
-12.442895
-13.400506
-14.355072
-15.312142
-16.231716
-17.027079
-17.585926
-17.823442
-17.736540
-17.411203
-16.967756
-16.495491
-16.034479
-15.594240
-15.171071
-14.757339
-14.347207
-13.936287
-13.518703
-13.086259
-12.630333
-12.149693
-11.665518
-11.235946
-10.955460
-10.923736
-11.187025
-11.689773
-12.278974
-12.757234
-12.944849
-12.726739
-12.073234
-11.029697
-9.712763
-8.339884
-7.207676
-6.545120
-6.371548
-6.538154
-6.891738
-7.364015
-7.945815
-8.638747
-9.431902
-10.295003
-11.169780
-11.943255
-12.427000
-12.407359
-11.785120
-10.696590
-9.458169
-8.357405
-7.514800
-6.917997
-6.500308
-6.181392
-5.903387
-5.649946
-5.425391
-5.231942
-5.064079
-4.906141
-4.732696
-4.510987
-4.205205
-3.792526
-3.283773
-2.727051
-2.189303
-1.726894
-1.354735
-1.022102
-0.614592
-0.004055
0.867573
1.930448
3.010264
3.926450
4.594490
5.052750
5.393644
5.657028
5.763434
5.521576
4.719095
3.297091
1.516355
-0.082674
-0.990853
-1.050063
-0.464994
0.442813
1.431087
2.357748
3.133188
3.692774
4.001167
4.077419
4.002322
3.883658
3.812904
3.846874
4.007601
4.292670
4.695711
5.217619
5.852793
6.572842
7.335657
8.108275
8.876227
9.638126
10.398428
11.159752
11.911960
12.622313
13.234549
13.685502
13.938949
14.012957
13.970899
13.881630
13.787224
13.698289
13.602522
13.473703
13.284394
13.021820
12.695869
12.331210
11.950240
11.562669
11.167457
10.759705
10.336664
9.900985
9.459051
9.016501
8.575803
8.135764
7.690737
7.230447
6.742493
6.217386
5.651131
5.036697
4.344435
3.510601
2.459170
1.160135
-0.308115
-1.740225
-2.854658
-3.404184
-3.304267
-2.695236
-1.866549
-1.097861
-0.550143
-0.247062
-0.105171
0.001246
0.164237
0.411084
0.724318
1.072955
1.433712
1.798231
2.167633
2.543644
2.919080
3.265942
3.528567
3.633499
3.521497
3.187182
2.688428
2.106142
1.489852
0.835980
0.102390
-0.758064
-1.751640
-2.802570
-3.747504
-4.376307
-4.506216
-4.064341
-3.133129
-1.919444
-0.670481
0.399843
1.153157
1.556673
1.685862
1.668550
1.607230
1.549151
1.505366
1.474680
1.460005
1.481842
1.580307
1.800406
2.168598
2.680232
3.317227
4.081226
4.999258
6.090430
7.329466
8.637424
9.890806
10.931950
11.596032
11.776502
11.491790
10.875761
10.083651
9.203957
8.250030
7.208801
6.089946
4.951379
3.898692
3.059647
2.536600
2.351561
2.427975
2.641106
2.891548
3.132163
3.350921
3.552482
3.748922
3.952776
4.173267
4.411267
4.647216
4.826626
4.854521
4.615713
4.028627
3.100823
1.929515
0.637325
-0.694551
-2.040134
-3.402285
-4.782740
-6.160720
-7.484564
-8.683900
-9.701067
-10.528445
-11.223024
-11.874490
-12.546552
-13.230543
-13.816568
-14.081542
-13.739504
-12.600877
-10.769394
-8.661963
-6.740996
-5.219124
-4.077011
-3.288510
-2.893692
-2.891094
-3.181732
-3.630479
-4.137991
-4.653229
-5.136311
-5.513455
-5.657038
-5.407057
-4.640661
-3.361354
-1.741367
-0.068167
1.384544
2.464433
3.137810
3.418391
3.342377
2.993512
2.491610
1.938935
1.391652
0.871855
0.386009
-0.067519
-0.502380
-0.960079
-1.528153
-2.336863
-3.503444
-5.016309
-6.638317
-7.971956
-8.692222
-8.722894
-8.192301
-7.293847
-6.210056
-5.077815
-3.965021
-2.890099
-1.857478
-0.868566
0.078533
0.990874
1.883513
2.770739
3.650542
4.496715
5.260021
5.883064
6.331615
6.619286
6.794170
6.888990
6.875505
6.664424
6.160481
5.349076
4.353255
3.390553
2.643747
2.162664
1.879793
1.691680
1.513934
1.286943
0.967998
0.539512
0.033462
-0.454534
-0.793765
-0.876924
-0.648268
-0.083622
0.818799
2.008289
3.367764
4.749674
6.019061
7.071209
7.834748
8.258613
8.282993
7.841833
6.922930
5.619226
4.106493
2.583026
1.224662
0.149119
-0.596369
-0.980995
-0.921544
-0.315437
0.829116
2.317619
3.856627
5.222837
6.347292
7.275605
8.094397
8.881826
9.680385
10.492771
11.295356
12.053738
12.739169
13.341472
13.861444
14.282715
14.550611
14.586367
14.328839
13.754862
12.849021
11.573030
9.909138
7.953268
5.936679
4.113494
2.610139
1.385101
0.317413
-0.693035
-1.696557
-2.710770
-3.738819
-4.777754
-5.813391
-6.803813
-7.669581
-8.308897
-8.642765
-8.667374
-8.463785
-8.146166
-7.799915
-7.464355
-7.149923
-6.853847
-6.564860
-6.260699
-5.901473
-5.431230
-4.799357
-3.992646
-3.048798
-2.031766
-0.990816
0.057419
1.119686
2.210262
3.334358
4.470702
5.563223
6.529885
7.291671
7.815318
8.137601
8.339153
8.488631
8.610952
8.695944
8.724442
8.693330
8.625142
8.546594
8.445259
8.234054
7.747210
6.792495
5.274106
3.323361
1.306056
-0.329254
-1.226650
-1.211851
-0.330481
1.161488
2.916095
4.641113
6.142864
7.307455
8.113713
8.634565
8.968440
9.150689
9.125533
8.797468
8.114471
7.111377
5.881262
4.517909
3.090334
1.647947
0.225012
-1.150519
-2.433581
-3.543852
-4.376492
-4.850351
-4.968912
-4.831106
-4.566666
-4.258650
-3.919594
-3.515169
-3.003644
-2.378314
-1.691520
-1.034242
-0.484180
-0.065338
0.250392
0.497347
0.654338
0.613465
0.209812
-0.689478
-2.079595
-3.785721
-5.556442
-7.199926
-8.633258
-9.832903
-10.772283
-11.406793
-11.706977
-11.703048
-11.489799
-11.179310
-10.849410
-10.532774
-10.235154
-9.951910
-9.676669
-9.406208
-9.140319
-8.878135
-8.613537
-8.329796
-7.997056
-7.578131
-7.041168
-6.368383
-5.553457
-4.601530
-3.550436
-2.491764
-1.543217
-0.780122
-0.207314
0.185737
0.355236
0.207300
-0.326036
-1.214880
-2.333853
-3.538903
-4.741018
-5.914208
-7.063041
-8.197958
-9.322773
-10.426546
-11.483365
-12.457295
-13.302561
-13.952397
-14.308514
-14.267985
-13.793980
-12.952783
-11.840844
-10.464702
-8.728993
-6.586953
-4.222360
-2.046237
-0.435076
0.543645
1.105100
1.494145
1.829819
2.119661
2.309035
2.335697
2.197778
1.972614
1.765716
1.644032
1.604953
1.591022
1.520933
1.312927
0.910874
0.312521
-0.430077
-1.246083
-2.083362
-2.917151
-3.736227
-4.528373
-5.273705
-5.945856
-6.517178
-6.954300
-7.200618
-7.174553
-6.809167
-6.101680
-5.111170
-3.898753
-2.477693
-0.835815
0.982526
2.821678
4.471647
5.800525
6.819023
7.626284
8.336610
9.049931
9.837587
10.736750
11.755406
12.861101
13.961670
14.912131
15.551633
15.758538
15.492323
14.769811
13.591712
11.926284
9.794149
7.343544
4.802434
2.355731
0.073335
-2.073193
-4.145889
-6.166680
-8.067046
-9.682262
-10.791025
-11.205403
-10.894222
-10.048706
-9.000081
-8.046342
-7.353843
-6.987048
-6.956890
-7.214578
-7.642098
-8.084064
-8.393517
-8.467207
-8.275535
-7.871225
-7.348246
-6.775325
-6.162793
-5.475974
-4.667560
-3.710314
-2.611647
-1.395136
-0.077714
1.313993
2.699303
3.930885
4.854748
5.408563
5.662619
5.756667
5.806579
5.870973
5.968575
6.094355
6.223450
6.311235
6.294308
6.106425
5.713240
5.138103
4.448673
3.714178
2.975353
2.247177
1.534851
0.843987
0.184441
-0.432362
-1.001221
-1.525384
-2.008030
-2.443599
-2.821627
-3.140201
-3.413062
-3.661999
-3.904342
-4.148307
-4.395933
-4.646566
-4.898686
-5.151112
-5.403437
-5.655887
-5.909297
-6.164873
-6.423309
-6.683185
-6.938476
-7.175667
-7.371433
-7.492538
-7.502459
-7.378623
-7.131957
-6.809637
-6.475862
-6.188624
-5.985818
-5.876849
-5.841830
-5.847049
-5.866284
-5.888203
-5.909762
-5.927231
-5.928441
-5.887684
-5.769650
-5.545267
-5.210957
-4.793964
-4.335881
-3.870729
-3.417702
-2.985433
-2.574455
-2.177190
-1.781648
-1.380524
-0.984120
-0.632707
-0.398906
-0.364272
-0.558034
-0.885475
-1.127514
-1.059624
-0.597455
0.179572
1.127573
2.124699
3.075334
3.879856
4.426148
4.621732
4.450956
4.000496
3.415734
2.835425
2.367414
2.088721
2.022006
2.101157
2.181698
2.114466
1.829154
1.353473
0.762278
0.124238
-0.505533
-1.062636
-1.457148
-1.587587
-1.388844
-0.881004
-0.165384
0.637872
1.452191
2.263430
3.110662
4.069219
5.214234
6.559354
8.012756
9.415155
10.650894
11.714132
12.653305
13.476582
14.125420
14.515125
14.598474
14.412294
14.061161
13.650931
13.244056
12.859613
12.482963
12.069999
11.556671
10.881077
10.015630
8.987152
7.861817
6.714215
5.618787
4.659310
3.920297
3.450360
3.229362
3.178670
3.212798
3.283258
3.379742
3.506513
3.664093
3.844461
4.036223
4.231438
4.426214
4.617365
4.800280
4.968422
5.115391
5.239731
5.347275
5.446401
5.538338
5.608865
5.627123
5.555338
5.369207
5.076898
4.715912
4.323120
3.900147
3.398059
2.729090
1.807448
0.608478
-0.796372
-2.264613
-3.642043
-4.808582
-5.707536
-6.364016
-6.866094
-7.309361
-7.754653
-8.222014
-8.696411
-9.129120
-9.443147
-9.553058
-9.400691
-8.989001
-8.382964
-7.671475
-6.924534
-6.179784
-5.455917
-4.770114
-4.145726
-3.606458
-3.160347
-2.789523
-2.460081
-2.142372
-1.821056
-1.492610
-1.161763
-0.840511
-0.546743
-0.302470
-0.132836
-0.064180
-0.115764
-0.284468
-0.537747
-0.830098
-1.130368
-1.435573
-1.769075
-2.171871
-2.683562
-3.313818
-4.026916
-4.760546
-5.465511
-6.127012
-6.748259
-7.316981
-7.784611
-8.070731
-8.092941
-7.811888
-7.262503
-6.539882
-5.744486
-4.931410
-4.096653
-3.191850
-2.152488
-0.940107
0.411862
1.773563
2.927800
3.617495
3.642401
2.975884
1.803232
0.423711
-0.894287
-1.986282
-2.797979
-3.371151
-3.794995
-4.131307
-4.376730
-4.483758
-4.409766
-4.163631
-3.819310
-3.481902
-3.236605
-3.117944
-3.108525
-3.163198
-3.241896
-3.324177
-3.401690
-3.466727
-3.504919
-3.493217
-3.411474
-3.270848
-3.142831
-3.156111
-3.444942
-4.084414
-5.055816
-6.230303
-7.365892
-8.178643
-8.492929
-8.337631
-7.885690
-7.314008
-6.720444
-6.125159
-5.502874
-4.818385
-4.064785
-3.285579
-2.556137
-1.933271
-1.418065
-0.965956
-0.522784
-0.045295
0.493717
1.091494
1.694689
2.197480
2.478240
2.464465
2.176234
1.703966
1.143446
0.554075
-0.032924
-0.582600
-1.029337
-1.271437
-1.204605
-0.786639
-0.077495
0.794397
1.706487
2.577356
3.343725
3.929900
4.252894
4.266384
4.008840
3.599978
3.174414
2.813818
2.532416
2.305596
2.103303
1.906842
1.709263
1.509596
1.307526
1.098409
0.869851
0.603108
0.280208
-0.106019
-0.545955
-1.014642
-1.472757
-1.861023
-2.100496
-2.117642
-1.887507
-1.454084
-0.897752
-0.281274
0.369151
1.045897
1.743418
2.454522
3.166499
3.854103
4.474934
4.975248
5.312650
5.484176
5.532317
5.518860
5.491728
5.473855
5.470668
5.476562
5.475832
5.443530
5.350856
5.182036
4.961789
4.768892
4.704392
4.823442
5.092515
5.414974
5.689854
5.849802
5.873929
5.785289
5.627175
5.434665
5.232179
5.055040
4.971041
5.083802
5.501609
6.275439
7.354848
8.606750
9.868468
10.973902
11.759236
12.102824
11.992399
11.542041
10.920783
10.256838
9.600385
8.942930
8.245061
7.465225
6.599639
5.706665
4.877523
4.167809
3.562783
3.012836
2.481308
1.952017
1.418483
0.878087
0.323869
-0.261578
-0.900386
-1.603196
-2.346161
-3.059521
-3.655254
-4.082853
-4.354625
-4.501869
-4.501669
-4.251588
-3.622789
-2.556997
-1.137266
0.426313
1.879194
3.003496
3.675946
3.909223
3.835461
3.617544
3.367163
3.131703
2.921191
2.733218
2.569646
2.444360
2.378029
2.384684
2.460796
2.586823
2.740223
2.904566
3.064881
3.196412
3.258146
3.199318
2.982354
2.608936
2.122630
1.581438
1.027498
0.479376
-0.059118
-0.590522
-1.119003
-1.647194
-2.175158
-2.700412
-3.218101
-3.722821
-4.212272
-4.690001
-5.162882
-5.630708
-6.071933
-6.435463
-6.649271
-6.651707
-6.432467
-6.047545
-5.588079
-5.133293
-4.728666
-4.387995
-4.100026
-3.840733
-3.592349
-3.356368
-3.155285
-3.025753
-3.001403
-3.091064
-3.271467
-3.503350
-3.753119
-3.997375
-4.212094
-4.364605
-4.418775
-4.351945
-4.170539
-3.903777
-3.574104
-3.172693
-2.664657
-2.018137
-1.232774
-0.346883
0.575404
1.454728
2.195771
2.698384
2.898243
2.809582
2.521851
2.144602
1.751566
1.365728
0.972234
0.533753
0.009657
-0.618072
-1.327056
-2.058430
-2.739187
-3.309725
-3.746227
-4.068466
-4.323703
-4.557674
-4.799726
-5.066605
-5.365651
-5.687177
-5.988069
-6.173135
-6.095356
-5.604216
-4.640338
-3.315120
-1.899298
-0.718026
-0.020071
0.122224
-0.159904
-0.609727
-0.975180
-1.090871
-0.900321
-0.451638
0.147984
0.803954
1.465558
2.108158
2.709738
3.237765
3.648116
3.900772
3.975223
3.747801
3.338574
2.880986
2.298593
1.649736
0.979274
0.307914
-0.354138
-0.991402
-1.574611
-2.061747
-2.415715
-2.630182
-2.738004
-2.790700
-2.829011
-2.871105
-2.918193
-2.961222
-2.985130
-2.975303
-2.923620
-2.827622
-2.680630
-2.461440
-2.139626
-1.698221
-1.152082
-0.541319
0.093335
0.728219
1.356183
1.977470
2.591485
3.190626
3.758146
4.272671
4.717638
5.088938
5.391434
5.623931
5.769611
5.807908
5.738541
5.591316
5.409837
5.225340
5.041998
4.834964
4.554102
4.139169
3.552159
2.809213
1.981011
1.154025
0.385134
-0.313149
-0.955792
-1.560812
-2.134433
-2.669568
-3.154254
-3.581704
-3.951943
-4.261667
-4.494015
-4.625525
-4.648331
-4.583561
-4.469191
-4.334226
-4.183443
-4.000460
-3.761043
-3.449719
-3.072150
-2.653977
-2.230851
-1.844609
-1.545552
-1.384202
-1.383733
-1.508412
-1.659548
-1.715345
-1.591478
-1.279137
-0.837458
-0.352975
0.099635
0.473090
0.748429
0.934816
1.061952
1.162304
1.257504
1.356880
1.461456
1.568001
1.673025
1.775881
1.879647
1.989607
2.109494
2.236433
2.357339
2.449718
2.487983
2.454199
2.348045
2.186500
1.989569
1.762245
1.485314
1.119549
0.626539
0.002549
-0.703270
-1.414561
-2.072500
-2.643284
-3.084822
-3.327632
-3.303019
-2.994652
-2.466357
-1.841126
-1.256424
-0.833492
-0.653980
-0.731095
-1.002721
-1.361658
-1.697191
-1.927977
-2.022210
-1.997396
-1.898786
-1.771418
-1.644480
-1.533847
-1.451206
-1.407176
-1.407416
-1.446630
-1.506442
-1.560699
-1.584023
-1.558773
-1.481023
-1.363120
-1.227832
-1.098634
-0.995014
-0.931326
-0.913121
-0.933635
-0.977165
-1.027997
-1.076725
-1.119465
-1.152558
-1.166937
-1.145054
-1.064337
-0.909550
-0.687356
-0.428712
-0.173287
0.050342
0.231254
0.370011
0.472009
0.545395
0.600034
0.644895
0.685511
0.723902
0.760315
0.794567
0.826515
0.856174
0.883339
0.906831
0.923862
0.930092
0.921093
0.895136
0.855227
0.808141
0.761062
0.718888
0.683580
0.654293
0.627462
0.597453
0.558440
0.507903
0.451169
0.402903
0.380418
0.391633
0.429614
0.479755
0.530370
0.576163
0.615992
0.650437
0.680032
0.703719
0.718310
0.719343
0.703544
0.672070
0.631406
0.590043
0.553850
0.524367
0.500288
0.479587
0.460731
0.443023
0.426404
0.411151
0.397636
0.386070
0.376297
0.367843
0.360208
0.353163
0.346838
0.341576
0.337647
0.334951
0.332931
0.330852
0.328230
0.324996
0.321330
0.317444
0.313474
0.309484
0.305498
0.301519
0.297546
0.293571
0.289574
0.285515
0.281350
0.277057
0.272660
0.268236
0.263866
0.259601
0.255460
0.251466
0.247681
0.244223
0.241248
0.238859
0.236996
0.235400
0.233725
0.231712
0.229299
0.226590
0.223757
0.220944
0.218224
0.215602
0.213027
0.210392
0.207566
0.204462
0.201124
0.197744
0.194572
0.191764
0.189346
0.187269
0.185495
0.184031
0.182922
0.182221
0.181925
0.181935
0.182072
0.182152
0.182055
0.181743
0.181253
0.180669
0.180079
0.179537
0.179048
0.178594
0.178154
0.177724
0.177329
0.177004
0.176785
0.176686
0.176702
0.176806
0.176962
0.177138
0.177315
0.177489
0.177662
0.177839
0.178022
0.178208
0.178391
0.178565
0.178730
0.178893
0.179059
0.179226
0.179394
0.179562
0.179730
0.179897
0.180064
0.180232
0.180400
0.180568
0.180737
0.180907
0.181078
0.181250
0.181423
0.181596
0.181768
0.181937
0.182104
0.182267
0.182426
0.182579
0.182726
0.182867
0.183001
0.183127
0.183246
0.183355
0.183456
0.183548
0.183629
0.183700
0.183761
0.183811
0.183849
0.183875
0.183890
0.183892
0.183881
0.183857
0.183820
0.183769
